stage,target,iteration,feature_added,validation_R2,validation_R2_std,validation_MAE,validation_RMSE,selected_features,number_of_features,baseline_R2
placement,fmax,0,,-0.16823034555879204,0.13500234117255683,,,[],0,-0.16823034555879204
placement,fmax,1,3_3_place_gp__globalplace__power__internal__total,0.9183750053873561,0.017504386378240193,15291319.466666669,24713153.65903982,"[""3_3_place_gp__globalplace__power__internal__total""]",1,-0.16823034555879204
placement,fmax,2,3_3_place_gp__globalplace__timing__setup__ws,0.9751007910957331,0.016526110461173957,9664565.333333334,12109775.70340764,"[""3_3_place_gp__globalplace__power__internal__total"", ""3_3_place_gp__globalplace__timing__setup__ws""]",2,-0.16823034555879204
placement,fmax,3,3_5_place_dp__detailedplace__design__instance__displacement__max,0.9783905963318485,0.014927370959058883,9269047.466666667,12047132.768263243,"[""3_3_place_gp__globalplace__power__internal__total"", ""3_3_place_gp__globalplace__timing__setup__ws"", ""3_5_place_dp__detailedplace__design__instance__displacement__max""]",3,-0.16823034555879204
placement,fmax,4,3_3_place_gp__globalplace__design__instance__count,0.9843526442603737,0.012918914072620236,6485440.0,9325519.477929149,"[""3_3_place_gp__globalplace__power__internal__total"", ""3_3_place_gp__globalplace__timing__setup__ws"", ""3_5_place_dp__detailedplace__design__instance__displacement__max"", ""3_3_place_gp__globalplace__design__instance__count""]",4,-0.16823034555879204
placement,fmax,5,3_5_place_dp__detailedplace__timing__drv__max_cap_limit,0.9734617221133219,0.015721115462894637,8832680.533333333,13677435.757298484,"[""3_3_place_gp__globalplace__power__internal__total"", ""3_3_place_gp__globalplace__timing__setup__ws"", ""3_5_place_dp__detailedplace__design__instance__displacement__max"", ""3_3_place_gp__globalplace__design__instance__count"", ""3_5_place_dp__detailedplace__timing__drv__max_cap_limit""]",5,-0.16823034555879204
placement,fmax,6,3_5_place_dp__detailedplace__timing__fmax,0.9677033072046207,0.01784238195089975,9158297.6,15262970.794144422,"[""3_3_place_gp__globalplace__power__internal__total"", ""3_3_place_gp__globalplace__timing__setup__ws"", ""3_5_place_dp__detailedplace__design__instance__displacement__max"", ""3_3_place_gp__globalplace__design__instance__count"", ""3_5_place_dp__detailedplace__timing__drv__max_cap_limit"", ""3_5_place_dp__detailedplace__timing__fmax""]",6,-0.16823034555879204
placement,fmax,7,3_5_place_dp__detailedplace__dpl__hpwl__delta,0.9863297490073178,0.01477891951320794,5895466.666666667,8956623.457119178,"[""3_3_place_gp__globalplace__power__internal__total"", ""3_3_place_gp__globalplace__timing__setup__ws"", ""3_5_place_dp__detailedplace__design__instance__displacement__max"", ""3_3_place_gp__globalplace__design__instance__count"", ""3_5_place_dp__detailedplace__timing__drv__max_cap_limit"", ""3_5_place_dp__detailedplace__timing__fmax"", ""3_5_place_dp__detailedplace__dpl__hpwl__delta""]",7,-0.16823034555879204
placement,fmax,8,3_3_place_gp__globalplace__gpl__routability__congestion,0.9763071280392964,0.021598240442500898,7008998.399999999,11235434.705265468,"[""3_3_place_gp__globalplace__power__internal__total"", ""3_3_place_gp__globalplace__timing__setup__ws"", ""3_5_place_dp__detailedplace__design__instance__displacement__max"", ""3_3_place_gp__globalplace__design__instance__count"", ""3_5_place_dp__detailedplace__timing__drv__max_cap_limit"", ""3_5_place_dp__detailedplace__timing__fmax"", ""3_5_place_dp__detailedplace__dpl__hpwl__delta"", ""3_3_place_gp__globalplace__gpl__routability__congestion""]",8,-0.16823034555879204
placement,fmax,9,3_5_place_dp__detailedplace__timing__hold__ws,0.9825197132117806,0.019025973057798445,5956326.399999999,9442206.640669964,"[""3_3_place_gp__globalplace__power__internal__total"", ""3_3_place_gp__globalplace__timing__setup__ws"", ""3_5_place_dp__detailedplace__design__instance__displacement__max"", ""3_3_place_gp__globalplace__design__instance__count"", ""3_5_place_dp__detailedplace__timing__drv__max_cap_limit"", ""3_5_place_dp__detailedplace__timing__fmax"", ""3_5_place_dp__detailedplace__dpl__hpwl__delta"", ""3_3_place_gp__globalplace__gpl__routability__congestion"", ""3_5_place_dp__detailedplace__timing__hold__ws""]",9,-0.16823034555879204
placement,fmax,10,3_4_place_resized__placeopt__timing__drv__max_slew_limit,0.96424310610823,0.010827903861692316,9896968.533333333,16470765.499626959,"[""3_3_place_gp__globalplace__power__internal__total"", ""3_3_place_gp__globalplace__timing__setup__ws"", ""3_5_place_dp__detailedplace__design__instance__displacement__max"", ""3_3_place_gp__globalplace__design__instance__count"", ""3_5_place_dp__detailedplace__timing__drv__max_cap_limit"", ""3_5_place_dp__detailedplace__timing__fmax"", ""3_5_place_dp__detailedplace__dpl__hpwl__delta"", ""3_3_place_gp__globalplace__gpl__routability__congestion"", ""3_5_place_dp__detailedplace__timing__hold__ws"", ""3_4_place_resized__placeopt__timing__drv__max_slew_limit""]",10,-0.16823034555879204
placement,fmax,11,3_5_place_dp__detailedplace__timing__fmax__clock:core_clock,0.9632794098701519,0.012050404150093676,9673670.4,16700616.328763591,"[""3_3_place_gp__globalplace__power__internal__total"", ""3_3_place_gp__globalplace__timing__setup__ws"", ""3_5_place_dp__detailedplace__design__instance__displacement__max"", ""3_3_place_gp__globalplace__design__instance__count"", ""3_5_place_dp__detailedplace__timing__drv__max_cap_limit"", ""3_5_place_dp__detailedplace__timing__fmax"", ""3_5_place_dp__detailedplace__dpl__hpwl__delta"", ""3_3_place_gp__globalplace__gpl__routability__congestion"", ""3_5_place_dp__detailedplace__timing__hold__ws"", ""3_4_place_resized__placeopt__timing__drv__max_slew_limit"", ""3_5_place_dp__detailedplace__timing__fmax__clock:core_clock""]",11,-0.16823034555879204
placement,fmax,12,3_5_place_dp__detailedplace__negotiation__converge__phase_1__iteration,0.9616930705519448,0.01234735819372539,10114449.066666666,16782604.990683038,"[""3_3_place_gp__globalplace__power__internal__total"", ""3_3_place_gp__globalplace__timing__setup__ws"", ""3_5_place_dp__detailedplace__design__instance__displacement__max"", ""3_3_place_gp__globalplace__design__instance__count"", ""3_5_place_dp__detailedplace__timing__drv__max_cap_limit"", ""3_5_place_dp__detailedplace__timing__fmax"", ""3_5_place_dp__detailedplace__dpl__hpwl__delta"", ""3_3_place_gp__globalplace__gpl__routability__congestion"", ""3_5_place_dp__detailedplace__timing__hold__ws"", ""3_4_place_resized__placeopt__timing__drv__max_slew_limit"", ""3_5_place_dp__detailedplace__timing__fmax__clock:core_clock"", ""3_5_place_dp__detailedplace__negotiation__converge__phase_1__iteration""]",12,-0.16823034555879204
placement,fmax,13,3_5_place_dp__detailedplace__dpl__hpwl__delta__percent,0.977973796297734,0.01353257058372748,7512925.866666666,12563981.372841397,"[""3_3_place_gp__globalplace__power__internal__total"", ""3_3_place_gp__globalplace__timing__setup__ws"", ""3_5_place_dp__detailedplace__design__instance__displacement__max"", ""3_3_place_gp__globalplace__design__instance__count"", ""3_5_place_dp__detailedplace__timing__drv__max_cap_limit"", ""3_5_place_dp__detailedplace__timing__fmax"", ""3_5_place_dp__detailedplace__dpl__hpwl__delta"", ""3_3_place_gp__globalplace__gpl__routability__congestion"", ""3_5_place_dp__detailedplace__timing__hold__ws"", ""3_4_place_resized__placeopt__timing__drv__max_slew_limit"", ""3_5_place_dp__detailedplace__timing__fmax__clock:core_clock"", ""3_5_place_dp__detailedplace__negotiation__converge__phase_1__iteration"", ""3_5_place_dp__detailedplace__dpl__hpwl__delta__percent""]",13,-0.16823034555879204
placement,fmax,14,3_5_place_dp__detailedplace__design__instance__displacement__mean,0.9694835746922555,0.012434331139530843,9416923.733333334,14778016.881205408,"[""3_3_place_gp__globalplace__power__internal__total"", ""3_3_place_gp__globalplace__timing__setup__ws"", ""3_5_place_dp__detailedplace__design__instance__displacement__max"", ""3_3_place_gp__globalplace__design__instance__count"", ""3_5_place_dp__detailedplace__timing__drv__max_cap_limit"", ""3_5_place_dp__detailedplace__timing__fmax"", ""3_5_place_dp__detailedplace__dpl__hpwl__delta"", ""3_3_place_gp__globalplace__gpl__routability__congestion"", ""3_5_place_dp__detailedplace__timing__hold__ws"", ""3_4_place_resized__placeopt__timing__drv__max_slew_limit"", ""3_5_place_dp__detailedplace__timing__fmax__clock:core_clock"", ""3_5_place_dp__detailedplace__negotiation__converge__phase_1__iteration"", ""3_5_place_dp__detailedplace__dpl__hpwl__delta__percent"", ""3_5_place_dp__detailedplace__design__instance__displacement__mean""]",14,-0.16823034555879204
placement,fmax,15,3_3_place_gp__globalplace__design__instance__area,0.9666787141770364,0.00865203463605899,9475541.333333334,16104458.772326978,"[""3_3_place_gp__globalplace__power__internal__total"", ""3_3_place_gp__globalplace__timing__setup__ws"", ""3_5_place_dp__detailedplace__design__instance__displacement__max"", ""3_3_place_gp__globalplace__design__instance__count"", ""3_5_place_dp__detailedplace__timing__drv__max_cap_limit"", ""3_5_place_dp__detailedplace__timing__fmax"", ""3_5_place_dp__detailedplace__dpl__hpwl__delta"", ""3_3_place_gp__globalplace__gpl__routability__congestion"", ""3_5_place_dp__detailedplace__timing__hold__ws"", ""3_4_place_resized__placeopt__timing__drv__max_slew_limit"", ""3_5_place_dp__detailedplace__timing__fmax__clock:core_clock"", ""3_5_place_dp__detailedplace__negotiation__converge__phase_1__iteration"", ""3_5_place_dp__detailedplace__dpl__hpwl__delta__percent"", ""3_5_place_dp__detailedplace__design__instance__displacement__mean"", ""3_3_place_gp__globalplace__design__instance__area""]",15,-0.16823034555879204
placement,fmax,16,3_3_place_gp__globalplace__design__instance__count__stdcell,0.9740891740281289,0.014294454221366777,8871125.333333334,13376632.216872057,"[""3_3_place_gp__globalplace__power__internal__total"", ""3_3_place_gp__globalplace__timing__setup__ws"", ""3_5_place_dp__detailedplace__design__instance__displacement__max"", ""3_3_place_gp__globalplace__design__instance__count"", ""3_5_place_dp__detailedplace__timing__drv__max_cap_limit"", ""3_5_place_dp__detailedplace__timing__fmax"", ""3_5_place_dp__detailedplace__dpl__hpwl__delta"", ""3_3_place_gp__globalplace__gpl__routability__congestion"", ""3_5_place_dp__detailedplace__timing__hold__ws"", ""3_4_place_resized__placeopt__timing__drv__max_slew_limit"", ""3_5_place_dp__detailedplace__timing__fmax__clock:core_clock"", ""3_5_place_dp__detailedplace__negotiation__converge__phase_1__iteration"", ""3_5_place_dp__detailedplace__dpl__hpwl__delta__percent"", ""3_5_place_dp__detailedplace__design__instance__displacement__mean"", ""3_3_place_gp__globalplace__design__instance__area"", ""3_3_place_gp__globalplace__design__instance__count__stdcell""]",16,-0.16823034555879204
placement,fmax,17,3_3_place_gp__globalplace__timing__hold__ws,0.9730898141856369,0.012982294186215798,8848750.933333334,14078877.268707586,"[""3_3_place_gp__globalplace__power__internal__total"", ""3_3_place_gp__globalplace__timing__setup__ws"", ""3_5_place_dp__detailedplace__design__instance__displacement__max"", ""3_3_place_gp__globalplace__design__instance__count"", ""3_5_place_dp__detailedplace__timing__drv__max_cap_limit"", ""3_5_place_dp__detailedplace__timing__fmax"", ""3_5_place_dp__detailedplace__dpl__hpwl__delta"", ""3_3_place_gp__globalplace__gpl__routability__congestion"", ""3_5_place_dp__detailedplace__timing__hold__ws"", ""3_4_place_resized__placeopt__timing__drv__max_slew_limit"", ""3_5_place_dp__detailedplace__timing__fmax__clock:core_clock"", ""3_5_place_dp__detailedplace__negotiation__converge__phase_1__iteration"", ""3_5_place_dp__detailedplace__dpl__hpwl__delta__percent"", ""3_5_place_dp__detailedplace__design__instance__displacement__mean"", ""3_3_place_gp__globalplace__design__instance__area"", ""3_3_place_gp__globalplace__design__instance__count__stdcell"", ""3_3_place_gp__globalplace__timing__hold__ws""]",17,-0.16823034555879204
placement,fmax,18,3_3_place_gp__globalplace__route__wirelength__estimated,0.9724897761692044,0.019391436966662644,8417154.133333335,13840840.846445752,"[""3_3_place_gp__globalplace__power__internal__total"", ""3_3_place_gp__globalplace__timing__setup__ws"", ""3_5_place_dp__detailedplace__design__instance__displacement__max"", ""3_3_place_gp__globalplace__design__instance__count"", ""3_5_place_dp__detailedplace__timing__drv__max_cap_limit"", ""3_5_place_dp__detailedplace__timing__fmax"", ""3_5_place_dp__detailedplace__dpl__hpwl__delta"", ""3_3_place_gp__globalplace__gpl__routability__congestion"", ""3_5_place_dp__detailedplace__timing__hold__ws"", ""3_4_place_resized__placeopt__timing__drv__max_slew_limit"", ""3_5_place_dp__detailedplace__timing__fmax__clock:core_clock"", ""3_5_place_dp__detailedplace__negotiation__converge__phase_1__iteration"", ""3_5_place_dp__detailedplace__dpl__hpwl__delta__percent"", ""3_5_place_dp__detailedplace__design__instance__displacement__mean"", ""3_3_place_gp__globalplace__design__instance__area"", ""3_3_place_gp__globalplace__design__instance__count__stdcell"", ""3_3_place_gp__globalplace__timing__hold__ws"", ""3_3_place_gp__globalplace__route__wirelength__estimated""]",18,-0.16823034555879204
placement,fmax,19,3_3_place_gp__globalplace__design__instance__area__stdcell,0.961446784025037,0.01322772990733301,10268663.466666667,16914333.231512412,"[""3_3_place_gp__globalplace__power__internal__total"", ""3_3_place_gp__globalplace__timing__setup__ws"", ""3_5_place_dp__detailedplace__design__instance__displacement__max"", ""3_3_place_gp__globalplace__design__instance__count"", ""3_5_place_dp__detailedplace__timing__drv__max_cap_limit"", ""3_5_place_dp__detailedplace__timing__fmax"", ""3_5_place_dp__detailedplace__dpl__hpwl__delta"", ""3_3_place_gp__globalplace__gpl__routability__congestion"", ""3_5_place_dp__detailedplace__timing__hold__ws"", ""3_4_place_resized__placeopt__timing__drv__max_slew_limit"", ""3_5_place_dp__detailedplace__timing__fmax__clock:core_clock"", ""3_5_place_dp__detailedplace__negotiation__converge__phase_1__iteration"", ""3_5_place_dp__detailedplace__dpl__hpwl__delta__percent"", ""3_5_place_dp__detailedplace__design__instance__displacement__mean"", ""3_3_place_gp__globalplace__design__instance__area"", ""3_3_place_gp__globalplace__design__instance__count__stdcell"", ""3_3_place_gp__globalplace__timing__hold__ws"", ""3_3_place_gp__globalplace__route__wirelength__estimated"", ""3_3_place_gp__globalplace__design__instance__area__stdcell""]",19,-0.16823034555879204
placement,fmax,20,3_3_place_gp__globalplace__gpl__convergence__iteration,0.9761089152620657,0.01828440198690773,7542850.133333333,12803354.023708507,"[""3_3_place_gp__globalplace__power__internal__total"", ""3_3_place_gp__globalplace__timing__setup__ws"", ""3_5_place_dp__detailedplace__design__instance__displacement__max"", ""3_3_place_gp__globalplace__design__instance__count"", ""3_5_place_dp__detailedplace__timing__drv__max_cap_limit"", ""3_5_place_dp__detailedplace__timing__fmax"", ""3_5_place_dp__detailedplace__dpl__hpwl__delta"", ""3_3_place_gp__globalplace__gpl__routability__congestion"", ""3_5_place_dp__detailedplace__timing__hold__ws"", ""3_4_place_resized__placeopt__timing__drv__max_slew_limit"", ""3_5_place_dp__detailedplace__timing__fmax__clock:core_clock"", ""3_5_place_dp__detailedplace__negotiation__converge__phase_1__iteration"", ""3_5_place_dp__detailedplace__dpl__hpwl__delta__percent"", ""3_5_place_dp__detailedplace__design__instance__displacement__mean"", ""3_3_place_gp__globalplace__design__instance__area"", ""3_3_place_gp__globalplace__design__instance__count__stdcell"", ""3_3_place_gp__globalplace__timing__hold__ws"", ""3_3_place_gp__globalplace__route__wirelength__estimated"", ""3_3_place_gp__globalplace__design__instance__area__stdcell"", ""3_3_place_gp__globalplace__gpl__convergence__iteration""]",20,-0.16823034555879204
placement,fmax,21,3_3_place_gp__globalplace__design__instance__utilization,0.9807445377263541,0.016766181404557,7326540.8,11445956.745081991,"[""3_3_place_gp__globalplace__power__internal__total"", ""3_3_place_gp__globalplace__timing__setup__ws"", ""3_5_place_dp__detailedplace__design__instance__displacement__max"", ""3_3_place_gp__globalplace__design__instance__count"", ""3_5_place_dp__detailedplace__timing__drv__max_cap_limit"", ""3_5_place_dp__detailedplace__timing__fmax"", ""3_5_place_dp__detailedplace__dpl__hpwl__delta"", ""3_3_place_gp__globalplace__gpl__routability__congestion"", ""3_5_place_dp__detailedplace__timing__hold__ws"", ""3_4_place_resized__placeopt__timing__drv__max_slew_limit"", ""3_5_place_dp__detailedplace__timing__fmax__clock:core_clock"", ""3_5_place_dp__detailedplace__negotiation__converge__phase_1__iteration"", ""3_5_place_dp__detailedplace__dpl__hpwl__delta__percent"", ""3_5_place_dp__detailedplace__design__instance__displacement__mean"", ""3_3_place_gp__globalplace__design__instance__area"", ""3_3_place_gp__globalplace__design__instance__count__stdcell"", ""3_3_place_gp__globalplace__timing__hold__ws"", ""3_3_place_gp__globalplace__route__wirelength__estimated"", ""3_3_place_gp__globalplace__design__instance__area__stdcell"", ""3_3_place_gp__globalplace__gpl__convergence__iteration"", ""3_3_place_gp__globalplace__design__instance__utilization""]",21,-0.16823034555879204
placement,fmax,22,3_5_place_dp__detailedplace__route__wirelength__estimated,0.976577528810073,0.017504547901603634,8237770.666666668,12521394.455277396,"[""3_3_place_gp__globalplace__power__internal__total"", ""3_3_place_gp__globalplace__timing__setup__ws"", ""3_5_place_dp__detailedplace__design__instance__displacement__max"", ""3_3_place_gp__globalplace__design__instance__count"", ""3_5_place_dp__detailedplace__timing__drv__max_cap_limit"", ""3_5_place_dp__detailedplace__timing__fmax"", ""3_5_place_dp__detailedplace__dpl__hpwl__delta"", ""3_3_place_gp__globalplace__gpl__routability__congestion"", ""3_5_place_dp__detailedplace__timing__hold__ws"", ""3_4_place_resized__placeopt__timing__drv__max_slew_limit"", ""3_5_place_dp__detailedplace__timing__fmax__clock:core_clock"", ""3_5_place_dp__detailedplace__negotiation__converge__phase_1__iteration"", ""3_5_place_dp__detailedplace__dpl__hpwl__delta__percent"", ""3_5_place_dp__detailedplace__design__instance__displacement__mean"", ""3_3_place_gp__globalplace__design__instance__area"", ""3_3_place_gp__globalplace__design__instance__count__stdcell"", ""3_3_place_gp__globalplace__timing__hold__ws"", ""3_3_place_gp__globalplace__route__wirelength__estimated"", ""3_3_place_gp__globalplace__design__instance__area__stdcell"", ""3_3_place_gp__globalplace__gpl__convergence__iteration"", ""3_3_place_gp__globalplace__design__instance__utilization"", ""3_5_place_dp__detailedplace__route__wirelength__estimated""]",22,-0.16823034555879204
placement,fmax,23,3_3_place_gp__globalplace__design__nets,0.9678479732021574,0.010837004272467128,9277909.333333334,15797081.081769004,"[""3_3_place_gp__globalplace__power__internal__total"", ""3_3_place_gp__globalplace__timing__setup__ws"", ""3_5_place_dp__detailedplace__design__instance__displacement__max"", ""3_3_place_gp__globalplace__design__instance__count"", ""3_5_place_dp__detailedplace__timing__drv__max_cap_limit"", ""3_5_place_dp__detailedplace__timing__fmax"", ""3_5_place_dp__detailedplace__dpl__hpwl__delta"", ""3_3_place_gp__globalplace__gpl__routability__congestion"", ""3_5_place_dp__detailedplace__timing__hold__ws"", ""3_4_place_resized__placeopt__timing__drv__max_slew_limit"", ""3_5_place_dp__detailedplace__timing__fmax__clock:core_clock"", ""3_5_place_dp__detailedplace__negotiation__converge__phase_1__iteration"", ""3_5_place_dp__detailedplace__dpl__hpwl__delta__percent"", ""3_5_place_dp__detailedplace__design__instance__displacement__mean"", ""3_3_place_gp__globalplace__design__instance__area"", ""3_3_place_gp__globalplace__design__instance__count__stdcell"", ""3_3_place_gp__globalplace__timing__hold__ws"", ""3_3_place_gp__globalplace__route__wirelength__estimated"", ""3_3_place_gp__globalplace__design__instance__area__stdcell"", ""3_3_place_gp__globalplace__gpl__convergence__iteration"", ""3_3_place_gp__globalplace__design__instance__utilization"", ""3_5_place_dp__detailedplace__route__wirelength__estimated"", ""3_3_place_gp__globalplace__design__nets""]",23,-0.16823034555879204
placement,fmax,24,3_3_place_gp__globalplace__design__instance__utilization__stdcell,0.9758493727653867,0.016676726462181518,8246161.066666666,13113428.542233415,"[""3_3_place_gp__globalplace__power__internal__total"", ""3_3_place_gp__globalplace__timing__setup__ws"", ""3_5_place_dp__detailedplace__design__instance__displacement__max"", ""3_3_place_gp__globalplace__design__instance__count"", ""3_5_place_dp__detailedplace__timing__drv__max_cap_limit"", ""3_5_place_dp__detailedplace__timing__fmax"", ""3_5_place_dp__detailedplace__dpl__hpwl__delta"", ""3_3_place_gp__globalplace__gpl__routability__congestion"", ""3_5_place_dp__detailedplace__timing__hold__ws"", ""3_4_place_resized__placeopt__timing__drv__max_slew_limit"", ""3_5_place_dp__detailedplace__timing__fmax__clock:core_clock"", ""3_5_place_dp__detailedplace__negotiation__converge__phase_1__iteration"", ""3_5_place_dp__detailedplace__dpl__hpwl__delta__percent"", ""3_5_place_dp__detailedplace__design__instance__displacement__mean"", ""3_3_place_gp__globalplace__design__instance__area"", ""3_3_place_gp__globalplace__design__instance__count__stdcell"", ""3_3_place_gp__globalplace__timing__hold__ws"", ""3_3_place_gp__globalplace__route__wirelength__estimated"", ""3_3_place_gp__globalplace__design__instance__area__stdcell"", ""3_3_place_gp__globalplace__gpl__convergence__iteration"", ""3_3_place_gp__globalplace__design__instance__utilization"", ""3_5_place_dp__detailedplace__route__wirelength__estimated"", ""3_3_place_gp__globalplace__design__nets"", ""3_3_place_gp__globalplace__design__instance__utilization__stdcell""]",24,-0.16823034555879204
placement,fmax,25,3_3_place_gp__globalplace__gpl__area__final,0.9788488101292652,0.012939970877359899,8059656.533333334,12282648.879824808,"[""3_3_place_gp__globalplace__power__internal__total"", ""3_3_place_gp__globalplace__timing__setup__ws"", ""3_5_place_dp__detailedplace__design__instance__displacement__max"", ""3_3_place_gp__globalplace__design__instance__count"", ""3_5_place_dp__detailedplace__timing__drv__max_cap_limit"", ""3_5_place_dp__detailedplace__timing__fmax"", ""3_5_place_dp__detailedplace__dpl__hpwl__delta"", ""3_3_place_gp__globalplace__gpl__routability__congestion"", ""3_5_place_dp__detailedplace__timing__hold__ws"", ""3_4_place_resized__placeopt__timing__drv__max_slew_limit"", ""3_5_place_dp__detailedplace__timing__fmax__clock:core_clock"", ""3_5_place_dp__detailedplace__negotiation__converge__phase_1__iteration"", ""3_5_place_dp__detailedplace__dpl__hpwl__delta__percent"", ""3_5_place_dp__detailedplace__design__instance__displacement__mean"", ""3_3_place_gp__globalplace__design__instance__area"", ""3_3_place_gp__globalplace__design__instance__count__stdcell"", ""3_3_place_gp__globalplace__timing__hold__ws"", ""3_3_place_gp__globalplace__route__wirelength__estimated"", ""3_3_place_gp__globalplace__design__instance__area__stdcell"", ""3_3_place_gp__globalplace__gpl__convergence__iteration"", ""3_3_place_gp__globalplace__design__instance__utilization"", ""3_5_place_dp__detailedplace__route__wirelength__estimated"", ""3_3_place_gp__globalplace__design__nets"", ""3_3_place_gp__globalplace__design__instance__utilization__stdcell"", ""3_3_place_gp__globalplace__gpl__area__final""]",25,-0.16823034555879204
placement,fmax,26,3_5_place_dp__detailedplace__design__instance__displacement__total,0.9822829449156152,0.012005079332238251,7170997.333333332,11295618.83226681,"[""3_3_place_gp__globalplace__power__internal__total"", ""3_3_place_gp__globalplace__timing__setup__ws"", ""3_5_place_dp__detailedplace__design__instance__displacement__max"", ""3_3_place_gp__globalplace__design__instance__count"", ""3_5_place_dp__detailedplace__timing__drv__max_cap_limit"", ""3_5_place_dp__detailedplace__timing__fmax"", ""3_5_place_dp__detailedplace__dpl__hpwl__delta"", ""3_3_place_gp__globalplace__gpl__routability__congestion"", ""3_5_place_dp__detailedplace__timing__hold__ws"", ""3_4_place_resized__placeopt__timing__drv__max_slew_limit"", ""3_5_place_dp__detailedplace__timing__fmax__clock:core_clock"", ""3_5_place_dp__detailedplace__negotiation__converge__phase_1__iteration"", ""3_5_place_dp__detailedplace__dpl__hpwl__delta__percent"", ""3_5_place_dp__detailedplace__design__instance__displacement__mean"", ""3_3_place_gp__globalplace__design__instance__area"", ""3_3_place_gp__globalplace__design__instance__count__stdcell"", ""3_3_place_gp__globalplace__timing__hold__ws"", ""3_3_place_gp__globalplace__route__wirelength__estimated"", ""3_3_place_gp__globalplace__design__instance__area__stdcell"", ""3_3_place_gp__globalplace__gpl__convergence__iteration"", ""3_3_place_gp__globalplace__design__instance__utilization"", ""3_5_place_dp__detailedplace__route__wirelength__estimated"", ""3_3_place_gp__globalplace__design__nets"", ""3_3_place_gp__globalplace__design__instance__utilization__stdcell"", ""3_3_place_gp__globalplace__gpl__area__final"", ""3_5_place_dp__detailedplace__design__instance__displacement__total""]",26,-0.16823034555879204
placement,fmax,27,3_5_place_dp__detailedplace__timing__drv__max_slew_limit,0.9824333293920127,0.014845324127692478,7179153.066666666,10440466.119420147,"[""3_3_place_gp__globalplace__power__internal__total"", ""3_3_place_gp__globalplace__timing__setup__ws"", ""3_5_place_dp__detailedplace__design__instance__displacement__max"", ""3_3_place_gp__globalplace__design__instance__count"", ""3_5_place_dp__detailedplace__timing__drv__max_cap_limit"", ""3_5_place_dp__detailedplace__timing__fmax"", ""3_5_place_dp__detailedplace__dpl__hpwl__delta"", ""3_3_place_gp__globalplace__gpl__routability__congestion"", ""3_5_place_dp__detailedplace__timing__hold__ws"", ""3_4_place_resized__placeopt__timing__drv__max_slew_limit"", ""3_5_place_dp__detailedplace__timing__fmax__clock:core_clock"", ""3_5_place_dp__detailedplace__negotiation__converge__phase_1__iteration"", ""3_5_place_dp__detailedplace__dpl__hpwl__delta__percent"", ""3_5_place_dp__detailedplace__design__instance__displacement__mean"", ""3_3_place_gp__globalplace__design__instance__area"", ""3_3_place_gp__globalplace__design__instance__count__stdcell"", ""3_3_place_gp__globalplace__timing__hold__ws"", ""3_3_place_gp__globalplace__route__wirelength__estimated"", ""3_3_place_gp__globalplace__design__instance__area__stdcell"", ""3_3_place_gp__globalplace__gpl__convergence__iteration"", ""3_3_place_gp__globalplace__design__instance__utilization"", ""3_5_place_dp__detailedplace__route__wirelength__estimated"", ""3_3_place_gp__globalplace__design__nets"", ""3_3_place_gp__globalplace__design__instance__utilization__stdcell"", ""3_3_place_gp__globalplace__gpl__area__final"", ""3_5_place_dp__detailedplace__design__instance__displacement__total"", ""3_5_place_dp__detailedplace__timing__drv__max_slew_limit""]",27,-0.16823034555879204
placement,fmax,28,param:CORE_UTILIZATION,0.9670958047386885,0.014365666879718023,10202451.2,15504107.923153067,"[""3_3_place_gp__globalplace__power__internal__total"", ""3_3_place_gp__globalplace__timing__setup__ws"", ""3_5_place_dp__detailedplace__design__instance__displacement__max"", ""3_3_place_gp__globalplace__design__instance__count"", ""3_5_place_dp__detailedplace__timing__drv__max_cap_limit"", ""3_5_place_dp__detailedplace__timing__fmax"", ""3_5_place_dp__detailedplace__dpl__hpwl__delta"", ""3_3_place_gp__globalplace__gpl__routability__congestion"", ""3_5_place_dp__detailedplace__timing__hold__ws"", ""3_4_place_resized__placeopt__timing__drv__max_slew_limit"", ""3_5_place_dp__detailedplace__timing__fmax__clock:core_clock"", ""3_5_place_dp__detailedplace__negotiation__converge__phase_1__iteration"", ""3_5_place_dp__detailedplace__dpl__hpwl__delta__percent"", ""3_5_place_dp__detailedplace__design__instance__displacement__mean"", ""3_3_place_gp__globalplace__design__instance__area"", ""3_3_place_gp__globalplace__design__instance__count__stdcell"", ""3_3_place_gp__globalplace__timing__hold__ws"", ""3_3_place_gp__globalplace__route__wirelength__estimated"", ""3_3_place_gp__globalplace__design__instance__area__stdcell"", ""3_3_place_gp__globalplace__gpl__convergence__iteration"", ""3_3_place_gp__globalplace__design__instance__utilization"", ""3_5_place_dp__detailedplace__route__wirelength__estimated"", ""3_3_place_gp__globalplace__design__nets"", ""3_3_place_gp__globalplace__design__instance__utilization__stdcell"", ""3_3_place_gp__globalplace__gpl__area__final"", ""3_5_place_dp__detailedplace__design__instance__displacement__total"", ""3_5_place_dp__detailedplace__timing__drv__max_slew_limit"", ""param:CORE_UTILIZATION""]",28,-0.16823034555879204
placement,fmax,29,3_3_place_gp__globalplace__gpl__area__final__percent,0.9530401208518815,0.010442454184320637,11146308.266666668,18738407.40096021,"[""3_3_place_gp__globalplace__power__internal__total"", ""3_3_place_gp__globalplace__timing__setup__ws"", ""3_5_place_dp__detailedplace__design__instance__displacement__max"", ""3_3_place_gp__globalplace__design__instance__count"", ""3_5_place_dp__detailedplace__timing__drv__max_cap_limit"", ""3_5_place_dp__detailedplace__timing__fmax"", ""3_5_place_dp__detailedplace__dpl__hpwl__delta"", ""3_3_place_gp__globalplace__gpl__routability__congestion"", ""3_5_place_dp__detailedplace__timing__hold__ws"", ""3_4_place_resized__placeopt__timing__drv__max_slew_limit"", ""3_5_place_dp__detailedplace__timing__fmax__clock:core_clock"", ""3_5_place_dp__detailedplace__negotiation__converge__phase_1__iteration"", ""3_5_place_dp__detailedplace__dpl__hpwl__delta__percent"", ""3_5_place_dp__detailedplace__design__instance__displacement__mean"", ""3_3_place_gp__globalplace__design__instance__area"", ""3_3_place_gp__globalplace__design__instance__count__stdcell"", ""3_3_place_gp__globalplace__timing__hold__ws"", ""3_3_place_gp__globalplace__route__wirelength__estimated"", ""3_3_place_gp__globalplace__design__instance__area__stdcell"", ""3_3_place_gp__globalplace__gpl__convergence__iteration"", ""3_3_place_gp__globalplace__design__instance__utilization"", ""3_5_place_dp__detailedplace__route__wirelength__estimated"", ""3_3_place_gp__globalplace__design__nets"", ""3_3_place_gp__globalplace__design__instance__utilization__stdcell"", ""3_3_place_gp__globalplace__gpl__area__final"", ""3_5_place_dp__detailedplace__design__instance__displacement__total"", ""3_5_place_dp__detailedplace__timing__drv__max_slew_limit"", ""param:CORE_UTILIZATION"", ""3_3_place_gp__globalplace__gpl__area__final__percent""]",29,-0.16823034555879204
placement,fmax,30,3_3_place_gp__globalplace__gpl__routability__iteration,0.9600271602316267,0.011619643929776616,10748714.666666666,17477471.212890483,"[""3_3_place_gp__globalplace__power__internal__total"", ""3_3_place_gp__globalplace__timing__setup__ws"", ""3_5_place_dp__detailedplace__design__instance__displacement__max"", ""3_3_place_gp__globalplace__design__instance__count"", ""3_5_place_dp__detailedplace__timing__drv__max_cap_limit"", ""3_5_place_dp__detailedplace__timing__fmax"", ""3_5_place_dp__detailedplace__dpl__hpwl__delta"", ""3_3_place_gp__globalplace__gpl__routability__congestion"", ""3_5_place_dp__detailedplace__timing__hold__ws"", ""3_4_place_resized__placeopt__timing__drv__max_slew_limit"", ""3_5_place_dp__detailedplace__timing__fmax__clock:core_clock"", ""3_5_place_dp__detailedplace__negotiation__converge__phase_1__iteration"", ""3_5_place_dp__detailedplace__dpl__hpwl__delta__percent"", ""3_5_place_dp__detailedplace__design__instance__displacement__mean"", ""3_3_place_gp__globalplace__design__instance__area"", ""3_3_place_gp__globalplace__design__instance__count__stdcell"", ""3_3_place_gp__globalplace__timing__hold__ws"", ""3_3_place_gp__globalplace__route__wirelength__estimated"", ""3_3_place_gp__globalplace__design__instance__area__stdcell"", ""3_3_place_gp__globalplace__gpl__convergence__iteration"", ""3_3_place_gp__globalplace__design__instance__utilization"", ""3_5_place_dp__detailedplace__route__wirelength__estimated"", ""3_3_place_gp__globalplace__design__nets"", ""3_3_place_gp__globalplace__design__instance__utilization__stdcell"", ""3_3_place_gp__globalplace__gpl__area__final"", ""3_5_place_dp__detailedplace__design__instance__displacement__total"", ""3_5_place_dp__detailedplace__timing__drv__max_slew_limit"", ""param:CORE_UTILIZATION"", ""3_3_place_gp__globalplace__gpl__area__final__percent"", ""3_3_place_gp__globalplace__gpl__routability__iteration""]",30,-0.16823034555879204
placement,fmax,31,3_3_place_gp__globalplace__gpl__area__original,0.9723499291123113,0.017710647065703966,8705499.733333332,12997817.681141118,"[""3_3_place_gp__globalplace__power__internal__total"", ""3_3_place_gp__globalplace__timing__setup__ws"", ""3_5_place_dp__detailedplace__design__instance__displacement__max"", ""3_3_place_gp__globalplace__design__instance__count"", ""3_5_place_dp__detailedplace__timing__drv__max_cap_limit"", ""3_5_place_dp__detailedplace__timing__fmax"", ""3_5_place_dp__detailedplace__dpl__hpwl__delta"", ""3_3_place_gp__globalplace__gpl__routability__congestion"", ""3_5_place_dp__detailedplace__timing__hold__ws"", ""3_4_place_resized__placeopt__timing__drv__max_slew_limit"", ""3_5_place_dp__detailedplace__timing__fmax__clock:core_clock"", ""3_5_place_dp__detailedplace__negotiation__converge__phase_1__iteration"", ""3_5_place_dp__detailedplace__dpl__hpwl__delta__percent"", ""3_5_place_dp__detailedplace__design__instance__displacement__mean"", ""3_3_place_gp__globalplace__design__instance__area"", ""3_3_place_gp__globalplace__design__instance__count__stdcell"", ""3_3_place_gp__globalplace__timing__hold__ws"", ""3_3_place_gp__globalplace__route__wirelength__estimated"", ""3_3_place_gp__globalplace__design__instance__area__stdcell"", ""3_3_place_gp__globalplace__gpl__convergence__iteration"", ""3_3_place_gp__globalplace__design__instance__utilization"", ""3_5_place_dp__detailedplace__route__wirelength__estimated"", ""3_3_place_gp__globalplace__design__nets"", ""3_3_place_gp__globalplace__design__instance__utilization__stdcell"", ""3_3_place_gp__globalplace__gpl__area__final"", ""3_5_place_dp__detailedplace__design__instance__displacement__total"", ""3_5_place_dp__detailedplace__timing__drv__max_slew_limit"", ""param:CORE_UTILIZATION"", ""3_3_place_gp__globalplace__gpl__area__final__percent"", ""3_3_place_gp__globalplace__gpl__routability__iteration"", ""3_3_place_gp__globalplace__gpl__area__original""]",31,-0.16823034555879204
placement,fmax,32,3_3_place_gp__globalplace__gpl__area__timing_delta,0.9604103790122555,0.011264982581766954,10674508.799999999,17323061.717649538,"[""3_3_place_gp__globalplace__power__internal__total"", ""3_3_place_gp__globalplace__timing__setup__ws"", ""3_5_place_dp__detailedplace__design__instance__displacement__max"", ""3_3_place_gp__globalplace__design__instance__count"", ""3_5_place_dp__detailedplace__timing__drv__max_cap_limit"", ""3_5_place_dp__detailedplace__timing__fmax"", ""3_5_place_dp__detailedplace__dpl__hpwl__delta"", ""3_3_place_gp__globalplace__gpl__routability__congestion"", ""3_5_place_dp__detailedplace__timing__hold__ws"", ""3_4_place_resized__placeopt__timing__drv__max_slew_limit"", ""3_5_place_dp__detailedplace__timing__fmax__clock:core_clock"", ""3_5_place_dp__detailedplace__negotiation__converge__phase_1__iteration"", ""3_5_place_dp__detailedplace__dpl__hpwl__delta__percent"", ""3_5_place_dp__detailedplace__design__instance__displacement__mean"", ""3_3_place_gp__globalplace__design__instance__area"", ""3_3_place_gp__globalplace__design__instance__count__stdcell"", ""3_3_place_gp__globalplace__timing__hold__ws"", ""3_3_place_gp__globalplace__route__wirelength__estimated"", ""3_3_place_gp__globalplace__design__instance__area__stdcell"", ""3_3_place_gp__globalplace__gpl__convergence__iteration"", ""3_3_place_gp__globalplace__design__instance__utilization"", ""3_5_place_dp__detailedplace__route__wirelength__estimated"", ""3_3_place_gp__globalplace__design__nets"", ""3_3_place_gp__globalplace__design__instance__utilization__stdcell"", ""3_3_place_gp__globalplace__gpl__area__final"", ""3_5_place_dp__detailedplace__design__instance__displacement__total"", ""3_5_place_dp__detailedplace__timing__drv__max_slew_limit"", ""param:CORE_UTILIZATION"", ""3_3_place_gp__globalplace__gpl__area__final__percent"", ""3_3_place_gp__globalplace__gpl__routability__iteration"", ""3_3_place_gp__globalplace__gpl__area__original"", ""3_3_place_gp__globalplace__gpl__area__timing_delta""]",32,-0.16823034555879204
placement,fmax,33,3_3_place_gp__globalplace__gpl__area__timing_delta__percent,0.9747224687183341,0.01530269932360286,8516070.4,13641958.167230943,"[""3_3_place_gp__globalplace__power__internal__total"", ""3_3_place_gp__globalplace__timing__setup__ws"", ""3_5_place_dp__detailedplace__design__instance__displacement__max"", ""3_3_place_gp__globalplace__design__instance__count"", ""3_5_place_dp__detailedplace__timing__drv__max_cap_limit"", ""3_5_place_dp__detailedplace__timing__fmax"", ""3_5_place_dp__detailedplace__dpl__hpwl__delta"", ""3_3_place_gp__globalplace__gpl__routability__congestion"", ""3_5_place_dp__detailedplace__timing__hold__ws"", ""3_4_place_resized__placeopt__timing__drv__max_slew_limit"", ""3_5_place_dp__detailedplace__timing__fmax__clock:core_clock"", ""3_5_place_dp__detailedplace__negotiation__converge__phase_1__iteration"", ""3_5_place_dp__detailedplace__dpl__hpwl__delta__percent"", ""3_5_place_dp__detailedplace__design__instance__displacement__mean"", ""3_3_place_gp__globalplace__design__instance__area"", ""3_3_place_gp__globalplace__design__instance__count__stdcell"", ""3_3_place_gp__globalplace__timing__hold__ws"", ""3_3_place_gp__globalplace__route__wirelength__estimated"", ""3_3_place_gp__globalplace__design__instance__area__stdcell"", ""3_3_place_gp__globalplace__gpl__convergence__iteration"", ""3_3_place_gp__globalplace__design__instance__utilization"", ""3_5_place_dp__detailedplace__route__wirelength__estimated"", ""3_3_place_gp__globalplace__design__nets"", ""3_3_place_gp__globalplace__design__instance__utilization__stdcell"", ""3_3_place_gp__globalplace__gpl__area__final"", ""3_5_place_dp__detailedplace__design__instance__displacement__total"", ""3_5_place_dp__detailedplace__timing__drv__max_slew_limit"", ""param:CORE_UTILIZATION"", ""3_3_place_gp__globalplace__gpl__area__final__percent"", ""3_3_place_gp__globalplace__gpl__routability__iteration"", ""3_3_place_gp__globalplace__gpl__area__original"", ""3_3_place_gp__globalplace__gpl__area__timing_delta"", ""3_3_place_gp__globalplace__gpl__area__timing_delta__percent""]",33,-0.16823034555879204
placement,fmax,34,3_3_place_gp__globalplace__power__leakage__total,0.9726660275712852,0.01917327149279021,8696430.933333334,13973985.860719448,"[""3_3_place_gp__globalplace__power__internal__total"", ""3_3_place_gp__globalplace__timing__setup__ws"", ""3_5_place_dp__detailedplace__design__instance__displacement__max"", ""3_3_place_gp__globalplace__design__instance__count"", ""3_5_place_dp__detailedplace__timing__drv__max_cap_limit"", ""3_5_place_dp__detailedplace__timing__fmax"", ""3_5_place_dp__detailedplace__dpl__hpwl__delta"", ""3_3_place_gp__globalplace__gpl__routability__congestion"", ""3_5_place_dp__detailedplace__timing__hold__ws"", ""3_4_place_resized__placeopt__timing__drv__max_slew_limit"", ""3_5_place_dp__detailedplace__timing__fmax__clock:core_clock"", ""3_5_place_dp__detailedplace__negotiation__converge__phase_1__iteration"", ""3_5_place_dp__detailedplace__dpl__hpwl__delta__percent"", ""3_5_place_dp__detailedplace__design__instance__displacement__mean"", ""3_3_place_gp__globalplace__design__instance__area"", ""3_3_place_gp__globalplace__design__instance__count__stdcell"", ""3_3_place_gp__globalplace__timing__hold__ws"", ""3_3_place_gp__globalplace__route__wirelength__estimated"", ""3_3_place_gp__globalplace__design__instance__area__stdcell"", ""3_3_place_gp__globalplace__gpl__convergence__iteration"", ""3_3_place_gp__globalplace__design__instance__utilization"", ""3_5_place_dp__detailedplace__route__wirelength__estimated"", ""3_3_place_gp__globalplace__design__nets"", ""3_3_place_gp__globalplace__design__instance__utilization__stdcell"", ""3_3_place_gp__globalplace__gpl__area__final"", ""3_5_place_dp__detailedplace__design__instance__displacement__total"", ""3_5_place_dp__detailedplace__timing__drv__max_slew_limit"", ""param:CORE_UTILIZATION"", ""3_3_place_gp__globalplace__gpl__area__final__percent"", ""3_3_place_gp__globalplace__gpl__routability__iteration"", ""3_3_place_gp__globalplace__gpl__area__original"", ""3_3_place_gp__globalplace__gpl__area__timing_delta"", ""3_3_place_gp__globalplace__gpl__area__timing_delta__percent"", ""3_3_place_gp__globalplace__power__leakage__total""]",34,-0.16823034555879204
placement,fmax,35,3_3_place_gp__globalplace__power__switching__total,0.9672464217328752,0.010185034651960419,9738833.066666668,15969788.410256416,"[""3_3_place_gp__globalplace__power__internal__total"", ""3_3_place_gp__globalplace__timing__setup__ws"", ""3_5_place_dp__detailedplace__design__instance__displacement__max"", ""3_3_place_gp__globalplace__design__instance__count"", ""3_5_place_dp__detailedplace__timing__drv__max_cap_limit"", ""3_5_place_dp__detailedplace__timing__fmax"", ""3_5_place_dp__detailedplace__dpl__hpwl__delta"", ""3_3_place_gp__globalplace__gpl__routability__congestion"", ""3_5_place_dp__detailedplace__timing__hold__ws"", ""3_4_place_resized__placeopt__timing__drv__max_slew_limit"", ""3_5_place_dp__detailedplace__timing__fmax__clock:core_clock"", ""3_5_place_dp__detailedplace__negotiation__converge__phase_1__iteration"", ""3_5_place_dp__detailedplace__dpl__hpwl__delta__percent"", ""3_5_place_dp__detailedplace__design__instance__displacement__mean"", ""3_3_place_gp__globalplace__design__instance__area"", ""3_3_place_gp__globalplace__design__instance__count__stdcell"", ""3_3_place_gp__globalplace__timing__hold__ws"", ""3_3_place_gp__globalplace__route__wirelength__estimated"", ""3_3_place_gp__globalplace__design__instance__area__stdcell"", ""3_3_place_gp__globalplace__gpl__convergence__iteration"", ""3_3_place_gp__globalplace__design__instance__utilization"", ""3_5_place_dp__detailedplace__route__wirelength__estimated"", ""3_3_place_gp__globalplace__design__nets"", ""3_3_place_gp__globalplace__design__instance__utilization__stdcell"", ""3_3_place_gp__globalplace__gpl__area__final"", ""3_5_place_dp__detailedplace__design__instance__displacement__total"", ""3_5_place_dp__detailedplace__timing__drv__max_slew_limit"", ""param:CORE_UTILIZATION"", ""3_3_place_gp__globalplace__gpl__area__final__percent"", ""3_3_place_gp__globalplace__gpl__routability__iteration"", ""3_3_place_gp__globalplace__gpl__area__original"", ""3_3_place_gp__globalplace__gpl__area__timing_delta"", ""3_3_place_gp__globalplace__gpl__area__timing_delta__percent"", ""3_3_place_gp__globalplace__power__leakage__total"", ""3_3_place_gp__globalplace__power__switching__total""]",35,-0.16823034555879204
placement,fmax,36,3_3_place_gp__globalplace__power__total,0.9534459611995144,0.009970655866492777,10865900.799999999,18821815.319605783,"[""3_3_place_gp__globalplace__power__internal__total"", ""3_3_place_gp__globalplace__timing__setup__ws"", ""3_5_place_dp__detailedplace__design__instance__displacement__max"", ""3_3_place_gp__globalplace__design__instance__count"", ""3_5_place_dp__detailedplace__timing__drv__max_cap_limit"", ""3_5_place_dp__detailedplace__timing__fmax"", ""3_5_place_dp__detailedplace__dpl__hpwl__delta"", ""3_3_place_gp__globalplace__gpl__routability__congestion"", ""3_5_place_dp__detailedplace__timing__hold__ws"", ""3_4_place_resized__placeopt__timing__drv__max_slew_limit"", ""3_5_place_dp__detailedplace__timing__fmax__clock:core_clock"", ""3_5_place_dp__detailedplace__negotiation__converge__phase_1__iteration"", ""3_5_place_dp__detailedplace__dpl__hpwl__delta__percent"", ""3_5_place_dp__detailedplace__design__instance__displacement__mean"", ""3_3_place_gp__globalplace__design__instance__area"", ""3_3_place_gp__globalplace__design__instance__count__stdcell"", ""3_3_place_gp__globalplace__timing__hold__ws"", ""3_3_place_gp__globalplace__route__wirelength__estimated"", ""3_3_place_gp__globalplace__design__instance__area__stdcell"", ""3_3_place_gp__globalplace__gpl__convergence__iteration"", ""3_3_place_gp__globalplace__design__instance__utilization"", ""3_5_place_dp__detailedplace__route__wirelength__estimated"", ""3_3_place_gp__globalplace__design__nets"", ""3_3_place_gp__globalplace__design__instance__utilization__stdcell"", ""3_3_place_gp__globalplace__gpl__area__final"", ""3_5_place_dp__detailedplace__design__instance__displacement__total"", ""3_5_place_dp__detailedplace__timing__drv__max_slew_limit"", ""param:CORE_UTILIZATION"", ""3_3_place_gp__globalplace__gpl__area__final__percent"", ""3_3_place_gp__globalplace__gpl__routability__iteration"", ""3_3_place_gp__globalplace__gpl__area__original"", ""3_3_place_gp__globalplace__gpl__area__timing_delta"", ""3_3_place_gp__globalplace__gpl__area__timing_delta__percent"", ""3_3_place_gp__globalplace__power__leakage__total"", ""3_3_place_gp__globalplace__power__switching__total"", ""3_3_place_gp__globalplace__power__total""]",36,-0.16823034555879204
placement,fmax,37,3_3_place_gp__globalplace__timing__fmax,0.9690357119390893,0.014847921770353422,9579733.333333334,15371694.59684045,"[""3_3_place_gp__globalplace__power__internal__total"", ""3_3_place_gp__globalplace__timing__setup__ws"", ""3_5_place_dp__detailedplace__design__instance__displacement__max"", ""3_3_place_gp__globalplace__design__instance__count"", ""3_5_place_dp__detailedplace__timing__drv__max_cap_limit"", ""3_5_place_dp__detailedplace__timing__fmax"", ""3_5_place_dp__detailedplace__dpl__hpwl__delta"", ""3_3_place_gp__globalplace__gpl__routability__congestion"", ""3_5_place_dp__detailedplace__timing__hold__ws"", ""3_4_place_resized__placeopt__timing__drv__max_slew_limit"", ""3_5_place_dp__detailedplace__timing__fmax__clock:core_clock"", ""3_5_place_dp__detailedplace__negotiation__converge__phase_1__iteration"", ""3_5_place_dp__detailedplace__dpl__hpwl__delta__percent"", ""3_5_place_dp__detailedplace__design__instance__displacement__mean"", ""3_3_place_gp__globalplace__design__instance__area"", ""3_3_place_gp__globalplace__design__instance__count__stdcell"", ""3_3_place_gp__globalplace__timing__hold__ws"", ""3_3_place_gp__globalplace__route__wirelength__estimated"", ""3_3_place_gp__globalplace__design__instance__area__stdcell"", ""3_3_place_gp__globalplace__gpl__convergence__iteration"", ""3_3_place_gp__globalplace__design__instance__utilization"", ""3_5_place_dp__detailedplace__route__wirelength__estimated"", ""3_3_place_gp__globalplace__design__nets"", ""3_3_place_gp__globalplace__design__instance__utilization__stdcell"", ""3_3_place_gp__globalplace__gpl__area__final"", ""3_5_place_dp__detailedplace__design__instance__displacement__total"", ""3_5_place_dp__detailedplace__timing__drv__max_slew_limit"", ""param:CORE_UTILIZATION"", ""3_3_place_gp__globalplace__gpl__area__final__percent"", ""3_3_place_gp__globalplace__gpl__routability__iteration"", ""3_3_place_gp__globalplace__gpl__area__original"", ""3_3_place_gp__globalplace__gpl__area__timing_delta"", ""3_3_place_gp__globalplace__gpl__area__timing_delta__percent"", ""3_3_place_gp__globalplace__power__leakage__total"", ""3_3_place_gp__globalplace__power__switching__total"", ""3_3_place_gp__globalplace__power__total"", ""3_3_place_gp__globalplace__timing__fmax""]",37,-0.16823034555879204
placement,fmax,38,3_3_place_gp__globalplace__timing__fmax__clock:core_clock,0.9675798943891486,0.018204570414436082,10091699.200000001,15459608.8510476,"[""3_3_place_gp__globalplace__power__internal__total"", ""3_3_place_gp__globalplace__timing__setup__ws"", ""3_5_place_dp__detailedplace__design__instance__displacement__max"", ""3_3_place_gp__globalplace__design__instance__count"", ""3_5_place_dp__detailedplace__timing__drv__max_cap_limit"", ""3_5_place_dp__detailedplace__timing__fmax"", ""3_5_place_dp__detailedplace__dpl__hpwl__delta"", ""3_3_place_gp__globalplace__gpl__routability__congestion"", ""3_5_place_dp__detailedplace__timing__hold__ws"", ""3_4_place_resized__placeopt__timing__drv__max_slew_limit"", ""3_5_place_dp__detailedplace__timing__fmax__clock:core_clock"", ""3_5_place_dp__detailedplace__negotiation__converge__phase_1__iteration"", ""3_5_place_dp__detailedplace__dpl__hpwl__delta__percent"", ""3_5_place_dp__detailedplace__design__instance__displacement__mean"", ""3_3_place_gp__globalplace__design__instance__area"", ""3_3_place_gp__globalplace__design__instance__count__stdcell"", ""3_3_place_gp__globalplace__timing__hold__ws"", ""3_3_place_gp__globalplace__route__wirelength__estimated"", ""3_3_place_gp__globalplace__design__instance__area__stdcell"", ""3_3_place_gp__globalplace__gpl__convergence__iteration"", ""3_3_place_gp__globalplace__design__instance__utilization"", ""3_5_place_dp__detailedplace__route__wirelength__estimated"", ""3_3_place_gp__globalplace__design__nets"", ""3_3_place_gp__globalplace__design__instance__utilization__stdcell"", ""3_3_place_gp__globalplace__gpl__area__final"", ""3_5_place_dp__detailedplace__design__instance__displacement__total"", ""3_5_place_dp__detailedplace__timing__drv__max_slew_limit"", ""param:CORE_UTILIZATION"", ""3_3_place_gp__globalplace__gpl__area__final__percent"", ""3_3_place_gp__globalplace__gpl__routability__iteration"", ""3_3_place_gp__globalplace__gpl__area__original"", ""3_3_place_gp__globalplace__gpl__area__timing_delta"", ""3_3_place_gp__globalplace__gpl__area__timing_delta__percent"", ""3_3_place_gp__globalplace__power__leakage__total"", ""3_3_place_gp__globalplace__power__switching__total"", ""3_3_place_gp__globalplace__power__total"", ""3_3_place_gp__globalplace__timing__fmax"", ""3_3_place_gp__globalplace__timing__fmax__clock:core_clock""]",38,-0.16823034555879204
placement,fmax,39,3_3_place_gp__globalplace__timing__setup__tns,0.9719225598603671,0.009447625070818201,9897002.666666666,14711868.894579716,"[""3_3_place_gp__globalplace__power__internal__total"", ""3_3_place_gp__globalplace__timing__setup__ws"", ""3_5_place_dp__detailedplace__design__instance__displacement__max"", ""3_3_place_gp__globalplace__design__instance__count"", ""3_5_place_dp__detailedplace__timing__drv__max_cap_limit"", ""3_5_place_dp__detailedplace__timing__fmax"", ""3_5_place_dp__detailedplace__dpl__hpwl__delta"", ""3_3_place_gp__globalplace__gpl__routability__congestion"", ""3_5_place_dp__detailedplace__timing__hold__ws"", ""3_4_place_resized__placeopt__timing__drv__max_slew_limit"", ""3_5_place_dp__detailedplace__timing__fmax__clock:core_clock"", ""3_5_place_dp__detailedplace__negotiation__converge__phase_1__iteration"", ""3_5_place_dp__detailedplace__dpl__hpwl__delta__percent"", ""3_5_place_dp__detailedplace__design__instance__displacement__mean"", ""3_3_place_gp__globalplace__design__instance__area"", ""3_3_place_gp__globalplace__design__instance__count__stdcell"", ""3_3_place_gp__globalplace__timing__hold__ws"", ""3_3_place_gp__globalplace__route__wirelength__estimated"", ""3_3_place_gp__globalplace__design__instance__area__stdcell"", ""3_3_place_gp__globalplace__gpl__convergence__iteration"", ""3_3_place_gp__globalplace__design__instance__utilization"", ""3_5_place_dp__detailedplace__route__wirelength__estimated"", ""3_3_place_gp__globalplace__design__nets"", ""3_3_place_gp__globalplace__design__instance__utilization__stdcell"", ""3_3_place_gp__globalplace__gpl__area__final"", ""3_5_place_dp__detailedplace__design__instance__displacement__total"", ""3_5_place_dp__detailedplace__timing__drv__max_slew_limit"", ""param:CORE_UTILIZATION"", ""3_3_place_gp__globalplace__gpl__area__final__percent"", ""3_3_place_gp__globalplace__gpl__routability__iteration"", ""3_3_place_gp__globalplace__gpl__area__original"", ""3_3_place_gp__globalplace__gpl__area__timing_delta"", ""3_3_place_gp__globalplace__gpl__area__timing_delta__percent"", ""3_3_place_gp__globalplace__power__leakage__total"", ""3_3_place_gp__globalplace__power__switching__total"", ""3_3_place_gp__globalplace__power__total"", ""3_3_place_gp__globalplace__timing__fmax"", ""3_3_place_gp__globalplace__timing__fmax__clock:core_clock"", ""3_3_place_gp__globalplace__timing__setup__tns""]",39,-0.16823034555879204
placement,fmax,40,3_4_place_resized__placeopt__design__instance__area,0.9744701698448065,0.018661646896215352,9349794.133333333,13226850.796807943,"[""3_3_place_gp__globalplace__power__internal__total"", ""3_3_place_gp__globalplace__timing__setup__ws"", ""3_5_place_dp__detailedplace__design__instance__displacement__max"", ""3_3_place_gp__globalplace__design__instance__count"", ""3_5_place_dp__detailedplace__timing__drv__max_cap_limit"", ""3_5_place_dp__detailedplace__timing__fmax"", ""3_5_place_dp__detailedplace__dpl__hpwl__delta"", ""3_3_place_gp__globalplace__gpl__routability__congestion"", ""3_5_place_dp__detailedplace__timing__hold__ws"", ""3_4_place_resized__placeopt__timing__drv__max_slew_limit"", ""3_5_place_dp__detailedplace__timing__fmax__clock:core_clock"", ""3_5_place_dp__detailedplace__negotiation__converge__phase_1__iteration"", ""3_5_place_dp__detailedplace__dpl__hpwl__delta__percent"", ""3_5_place_dp__detailedplace__design__instance__displacement__mean"", ""3_3_place_gp__globalplace__design__instance__area"", ""3_3_place_gp__globalplace__design__instance__count__stdcell"", ""3_3_place_gp__globalplace__timing__hold__ws"", ""3_3_place_gp__globalplace__route__wirelength__estimated"", ""3_3_place_gp__globalplace__design__instance__area__stdcell"", ""3_3_place_gp__globalplace__gpl__convergence__iteration"", ""3_3_place_gp__globalplace__design__instance__utilization"", ""3_5_place_dp__detailedplace__route__wirelength__estimated"", ""3_3_place_gp__globalplace__design__nets"", ""3_3_place_gp__globalplace__design__instance__utilization__stdcell"", ""3_3_place_gp__globalplace__gpl__area__final"", ""3_5_place_dp__detailedplace__design__instance__displacement__total"", ""3_5_place_dp__detailedplace__timing__drv__max_slew_limit"", ""param:CORE_UTILIZATION"", ""3_3_place_gp__globalplace__gpl__area__final__percent"", ""3_3_place_gp__globalplace__gpl__routability__iteration"", ""3_3_place_gp__globalplace__gpl__area__original"", ""3_3_place_gp__globalplace__gpl__area__timing_delta"", ""3_3_place_gp__globalplace__gpl__area__timing_delta__percent"", ""3_3_place_gp__globalplace__power__leakage__total"", ""3_3_place_gp__globalplace__power__switching__total"", ""3_3_place_gp__globalplace__power__total"", ""3_3_place_gp__globalplace__timing__fmax"", ""3_3_place_gp__globalplace__timing__fmax__clock:core_clock"", ""3_3_place_gp__globalplace__timing__setup__tns"", ""3_4_place_resized__placeopt__design__instance__area""]",40,-0.16823034555879204
placement,fmax,41,3_4_place_resized__placeopt__design__instance__area__stdcell,0.9751133107285131,0.013331070557839084,8244061.866666667,12990970.53022573,"[""3_3_place_gp__globalplace__power__internal__total"", ""3_3_place_gp__globalplace__timing__setup__ws"", ""3_5_place_dp__detailedplace__design__instance__displacement__max"", ""3_3_place_gp__globalplace__design__instance__count"", ""3_5_place_dp__detailedplace__timing__drv__max_cap_limit"", ""3_5_place_dp__detailedplace__timing__fmax"", ""3_5_place_dp__detailedplace__dpl__hpwl__delta"", ""3_3_place_gp__globalplace__gpl__routability__congestion"", ""3_5_place_dp__detailedplace__timing__hold__ws"", ""3_4_place_resized__placeopt__timing__drv__max_slew_limit"", ""3_5_place_dp__detailedplace__timing__fmax__clock:core_clock"", ""3_5_place_dp__detailedplace__negotiation__converge__phase_1__iteration"", ""3_5_place_dp__detailedplace__dpl__hpwl__delta__percent"", ""3_5_place_dp__detailedplace__design__instance__displacement__mean"", ""3_3_place_gp__globalplace__design__instance__area"", ""3_3_place_gp__globalplace__design__instance__count__stdcell"", ""3_3_place_gp__globalplace__timing__hold__ws"", ""3_3_place_gp__globalplace__route__wirelength__estimated"", ""3_3_place_gp__globalplace__design__instance__area__stdcell"", ""3_3_place_gp__globalplace__gpl__convergence__iteration"", ""3_3_place_gp__globalplace__design__instance__utilization"", ""3_5_place_dp__detailedplace__route__wirelength__estimated"", ""3_3_place_gp__globalplace__design__nets"", ""3_3_place_gp__globalplace__design__instance__utilization__stdcell"", ""3_3_place_gp__globalplace__gpl__area__final"", ""3_5_place_dp__detailedplace__design__instance__displacement__total"", ""3_5_place_dp__detailedplace__timing__drv__max_slew_limit"", ""param:CORE_UTILIZATION"", ""3_3_place_gp__globalplace__gpl__area__final__percent"", ""3_3_place_gp__globalplace__gpl__routability__iteration"", ""3_3_place_gp__globalplace__gpl__area__original"", ""3_3_place_gp__globalplace__gpl__area__timing_delta"", ""3_3_place_gp__globalplace__gpl__area__timing_delta__percent"", ""3_3_place_gp__globalplace__power__leakage__total"", ""3_3_place_gp__globalplace__power__switching__total"", ""3_3_place_gp__globalplace__power__total"", ""3_3_place_gp__globalplace__timing__fmax"", ""3_3_place_gp__globalplace__timing__fmax__clock:core_clock"", ""3_3_place_gp__globalplace__timing__setup__tns"", ""3_4_place_resized__placeopt__design__instance__area"", ""3_4_place_resized__placeopt__design__instance__area__stdcell""]",41,-0.16823034555879204
placement,fmax,42,3_4_place_resized__placeopt__design__instance__count,0.9813329917790087,0.014724453798852849,8054954.666666667,11123552.970548633,"[""3_3_place_gp__globalplace__power__internal__total"", ""3_3_place_gp__globalplace__timing__setup__ws"", ""3_5_place_dp__detailedplace__design__instance__displacement__max"", ""3_3_place_gp__globalplace__design__instance__count"", ""3_5_place_dp__detailedplace__timing__drv__max_cap_limit"", ""3_5_place_dp__detailedplace__timing__fmax"", ""3_5_place_dp__detailedplace__dpl__hpwl__delta"", ""3_3_place_gp__globalplace__gpl__routability__congestion"", ""3_5_place_dp__detailedplace__timing__hold__ws"", ""3_4_place_resized__placeopt__timing__drv__max_slew_limit"", ""3_5_place_dp__detailedplace__timing__fmax__clock:core_clock"", ""3_5_place_dp__detailedplace__negotiation__converge__phase_1__iteration"", ""3_5_place_dp__detailedplace__dpl__hpwl__delta__percent"", ""3_5_place_dp__detailedplace__design__instance__displacement__mean"", ""3_3_place_gp__globalplace__design__instance__area"", ""3_3_place_gp__globalplace__design__instance__count__stdcell"", ""3_3_place_gp__globalplace__timing__hold__ws"", ""3_3_place_gp__globalplace__route__wirelength__estimated"", ""3_3_place_gp__globalplace__design__instance__area__stdcell"", ""3_3_place_gp__globalplace__gpl__convergence__iteration"", ""3_3_place_gp__globalplace__design__instance__utilization"", ""3_5_place_dp__detailedplace__route__wirelength__estimated"", ""3_3_place_gp__globalplace__design__nets"", ""3_3_place_gp__globalplace__design__instance__utilization__stdcell"", ""3_3_place_gp__globalplace__gpl__area__final"", ""3_5_place_dp__detailedplace__design__instance__displacement__total"", ""3_5_place_dp__detailedplace__timing__drv__max_slew_limit"", ""param:CORE_UTILIZATION"", ""3_3_place_gp__globalplace__gpl__area__final__percent"", ""3_3_place_gp__globalplace__gpl__routability__iteration"", ""3_3_place_gp__globalplace__gpl__area__original"", ""3_3_place_gp__globalplace__gpl__area__timing_delta"", ""3_3_place_gp__globalplace__gpl__area__timing_delta__percent"", ""3_3_place_gp__globalplace__power__leakage__total"", ""3_3_place_gp__globalplace__power__switching__total"", ""3_3_place_gp__globalplace__power__total"", ""3_3_place_gp__globalplace__timing__fmax"", ""3_3_place_gp__globalplace__timing__fmax__clock:core_clock"", ""3_3_place_gp__globalplace__timing__setup__tns"", ""3_4_place_resized__placeopt__design__instance__area"", ""3_4_place_resized__placeopt__design__instance__area__stdcell"", ""3_4_place_resized__placeopt__design__instance__count""]",42,-0.16823034555879204
placement,fmax,43,3_4_place_resized__placeopt__design__instance__count__stdcell,0.9681392080301697,0.012959951767650562,10317303.466666667,15258044.704327518,"[""3_3_place_gp__globalplace__power__internal__total"", ""3_3_place_gp__globalplace__timing__setup__ws"", ""3_5_place_dp__detailedplace__design__instance__displacement__max"", ""3_3_place_gp__globalplace__design__instance__count"", ""3_5_place_dp__detailedplace__timing__drv__max_cap_limit"", ""3_5_place_dp__detailedplace__timing__fmax"", ""3_5_place_dp__detailedplace__dpl__hpwl__delta"", ""3_3_place_gp__globalplace__gpl__routability__congestion"", ""3_5_place_dp__detailedplace__timing__hold__ws"", ""3_4_place_resized__placeopt__timing__drv__max_slew_limit"", ""3_5_place_dp__detailedplace__timing__fmax__clock:core_clock"", ""3_5_place_dp__detailedplace__negotiation__converge__phase_1__iteration"", ""3_5_place_dp__detailedplace__dpl__hpwl__delta__percent"", ""3_5_place_dp__detailedplace__design__instance__displacement__mean"", ""3_3_place_gp__globalplace__design__instance__area"", ""3_3_place_gp__globalplace__design__instance__count__stdcell"", ""3_3_place_gp__globalplace__timing__hold__ws"", ""3_3_place_gp__globalplace__route__wirelength__estimated"", ""3_3_place_gp__globalplace__design__instance__area__stdcell"", ""3_3_place_gp__globalplace__gpl__convergence__iteration"", ""3_3_place_gp__globalplace__design__instance__utilization"", ""3_5_place_dp__detailedplace__route__wirelength__estimated"", ""3_3_place_gp__globalplace__design__nets"", ""3_3_place_gp__globalplace__design__instance__utilization__stdcell"", ""3_3_place_gp__globalplace__gpl__area__final"", ""3_5_place_dp__detailedplace__design__instance__displacement__total"", ""3_5_place_dp__detailedplace__timing__drv__max_slew_limit"", ""param:CORE_UTILIZATION"", ""3_3_place_gp__globalplace__gpl__area__final__percent"", ""3_3_place_gp__globalplace__gpl__routability__iteration"", ""3_3_place_gp__globalplace__gpl__area__original"", ""3_3_place_gp__globalplace__gpl__area__timing_delta"", ""3_3_place_gp__globalplace__gpl__area__timing_delta__percent"", ""3_3_place_gp__globalplace__power__leakage__total"", ""3_3_place_gp__globalplace__power__switching__total"", ""3_3_place_gp__globalplace__power__total"", ""3_3_place_gp__globalplace__timing__fmax"", ""3_3_place_gp__globalplace__timing__fmax__clock:core_clock"", ""3_3_place_gp__globalplace__timing__setup__tns"", ""3_4_place_resized__placeopt__design__instance__area"", ""3_4_place_resized__placeopt__design__instance__area__stdcell"", ""3_4_place_resized__placeopt__design__instance__count"", ""3_4_place_resized__placeopt__design__instance__count__stdcell""]",43,-0.16823034555879204
placement,fmax,44,3_4_place_resized__placeopt__design__instance__utilization,0.9739074442530873,0.010486276835135798,10296328.533333333,13981373.167365044,"[""3_3_place_gp__globalplace__power__internal__total"", ""3_3_place_gp__globalplace__timing__setup__ws"", ""3_5_place_dp__detailedplace__design__instance__displacement__max"", ""3_3_place_gp__globalplace__design__instance__count"", ""3_5_place_dp__detailedplace__timing__drv__max_cap_limit"", ""3_5_place_dp__detailedplace__timing__fmax"", ""3_5_place_dp__detailedplace__dpl__hpwl__delta"", ""3_3_place_gp__globalplace__gpl__routability__congestion"", ""3_5_place_dp__detailedplace__timing__hold__ws"", ""3_4_place_resized__placeopt__timing__drv__max_slew_limit"", ""3_5_place_dp__detailedplace__timing__fmax__clock:core_clock"", ""3_5_place_dp__detailedplace__negotiation__converge__phase_1__iteration"", ""3_5_place_dp__detailedplace__dpl__hpwl__delta__percent"", ""3_5_place_dp__detailedplace__design__instance__displacement__mean"", ""3_3_place_gp__globalplace__design__instance__area"", ""3_3_place_gp__globalplace__design__instance__count__stdcell"", ""3_3_place_gp__globalplace__timing__hold__ws"", ""3_3_place_gp__globalplace__route__wirelength__estimated"", ""3_3_place_gp__globalplace__design__instance__area__stdcell"", ""3_3_place_gp__globalplace__gpl__convergence__iteration"", ""3_3_place_gp__globalplace__design__instance__utilization"", ""3_5_place_dp__detailedplace__route__wirelength__estimated"", ""3_3_place_gp__globalplace__design__nets"", ""3_3_place_gp__globalplace__design__instance__utilization__stdcell"", ""3_3_place_gp__globalplace__gpl__area__final"", ""3_5_place_dp__detailedplace__design__instance__displacement__total"", ""3_5_place_dp__detailedplace__timing__drv__max_slew_limit"", ""param:CORE_UTILIZATION"", ""3_3_place_gp__globalplace__gpl__area__final__percent"", ""3_3_place_gp__globalplace__gpl__routability__iteration"", ""3_3_place_gp__globalplace__gpl__area__original"", ""3_3_place_gp__globalplace__gpl__area__timing_delta"", ""3_3_place_gp__globalplace__gpl__area__timing_delta__percent"", ""3_3_place_gp__globalplace__power__leakage__total"", ""3_3_place_gp__globalplace__power__switching__total"", ""3_3_place_gp__globalplace__power__total"", ""3_3_place_gp__globalplace__timing__fmax"", ""3_3_place_gp__globalplace__timing__fmax__clock:core_clock"", ""3_3_place_gp__globalplace__timing__setup__tns"", ""3_4_place_resized__placeopt__design__instance__area"", ""3_4_place_resized__placeopt__design__instance__area__stdcell"", ""3_4_place_resized__placeopt__design__instance__count"", ""3_4_place_resized__placeopt__design__instance__count__stdcell"", ""3_4_place_resized__placeopt__design__instance__utilization""]",44,-0.16823034555879204
placement,fmax,45,3_4_place_resized__placeopt__timing__hold__ws,0.9567587907038648,0.010029992950957644,11746363.733333334,18097035.313373078,"[""3_3_place_gp__globalplace__power__internal__total"", ""3_3_place_gp__globalplace__timing__setup__ws"", ""3_5_place_dp__detailedplace__design__instance__displacement__max"", ""3_3_place_gp__globalplace__design__instance__count"", ""3_5_place_dp__detailedplace__timing__drv__max_cap_limit"", ""3_5_place_dp__detailedplace__timing__fmax"", ""3_5_place_dp__detailedplace__dpl__hpwl__delta"", ""3_3_place_gp__globalplace__gpl__routability__congestion"", ""3_5_place_dp__detailedplace__timing__hold__ws"", ""3_4_place_resized__placeopt__timing__drv__max_slew_limit"", ""3_5_place_dp__detailedplace__timing__fmax__clock:core_clock"", ""3_5_place_dp__detailedplace__negotiation__converge__phase_1__iteration"", ""3_5_place_dp__detailedplace__dpl__hpwl__delta__percent"", ""3_5_place_dp__detailedplace__design__instance__displacement__mean"", ""3_3_place_gp__globalplace__design__instance__area"", ""3_3_place_gp__globalplace__design__instance__count__stdcell"", ""3_3_place_gp__globalplace__timing__hold__ws"", ""3_3_place_gp__globalplace__route__wirelength__estimated"", ""3_3_place_gp__globalplace__design__instance__area__stdcell"", ""3_3_place_gp__globalplace__gpl__convergence__iteration"", ""3_3_place_gp__globalplace__design__instance__utilization"", ""3_5_place_dp__detailedplace__route__wirelength__estimated"", ""3_3_place_gp__globalplace__design__nets"", ""3_3_place_gp__globalplace__design__instance__utilization__stdcell"", ""3_3_place_gp__globalplace__gpl__area__final"", ""3_5_place_dp__detailedplace__design__instance__displacement__total"", ""3_5_place_dp__detailedplace__timing__drv__max_slew_limit"", ""param:CORE_UTILIZATION"", ""3_3_place_gp__globalplace__gpl__area__final__percent"", ""3_3_place_gp__globalplace__gpl__routability__iteration"", ""3_3_place_gp__globalplace__gpl__area__original"", ""3_3_place_gp__globalplace__gpl__area__timing_delta"", ""3_3_place_gp__globalplace__gpl__area__timing_delta__percent"", ""3_3_place_gp__globalplace__power__leakage__total"", ""3_3_place_gp__globalplace__power__switching__total"", ""3_3_place_gp__globalplace__power__total"", ""3_3_place_gp__globalplace__timing__fmax"", ""3_3_place_gp__globalplace__timing__fmax__clock:core_clock"", ""3_3_place_gp__globalplace__timing__setup__tns"", ""3_4_place_resized__placeopt__design__instance__area"", ""3_4_place_resized__placeopt__design__instance__area__stdcell"", ""3_4_place_resized__placeopt__design__instance__count"", ""3_4_place_resized__placeopt__design__instance__count__stdcell"", ""3_4_place_resized__placeopt__design__instance__utilization"", ""3_4_place_resized__placeopt__timing__hold__ws""]",45,-0.16823034555879204
placement,fmax,46,3_4_place_resized__placeopt__design__instance__utilization__stdcell,0.978697540211463,0.010909548644077144,9234662.4,12398712.605376968,"[""3_3_place_gp__globalplace__power__internal__total"", ""3_3_place_gp__globalplace__timing__setup__ws"", ""3_5_place_dp__detailedplace__design__instance__displacement__max"", ""3_3_place_gp__globalplace__design__instance__count"", ""3_5_place_dp__detailedplace__timing__drv__max_cap_limit"", ""3_5_place_dp__detailedplace__timing__fmax"", ""3_5_place_dp__detailedplace__dpl__hpwl__delta"", ""3_3_place_gp__globalplace__gpl__routability__congestion"", ""3_5_place_dp__detailedplace__timing__hold__ws"", ""3_4_place_resized__placeopt__timing__drv__max_slew_limit"", ""3_5_place_dp__detailedplace__timing__fmax__clock:core_clock"", ""3_5_place_dp__detailedplace__negotiation__converge__phase_1__iteration"", ""3_5_place_dp__detailedplace__dpl__hpwl__delta__percent"", ""3_5_place_dp__detailedplace__design__instance__displacement__mean"", ""3_3_place_gp__globalplace__design__instance__area"", ""3_3_place_gp__globalplace__design__instance__count__stdcell"", ""3_3_place_gp__globalplace__timing__hold__ws"", ""3_3_place_gp__globalplace__route__wirelength__estimated"", ""3_3_place_gp__globalplace__design__instance__area__stdcell"", ""3_3_place_gp__globalplace__gpl__convergence__iteration"", ""3_3_place_gp__globalplace__design__instance__utilization"", ""3_5_place_dp__detailedplace__route__wirelength__estimated"", ""3_3_place_gp__globalplace__design__nets"", ""3_3_place_gp__globalplace__design__instance__utilization__stdcell"", ""3_3_place_gp__globalplace__gpl__area__final"", ""3_5_place_dp__detailedplace__design__instance__displacement__total"", ""3_5_place_dp__detailedplace__timing__drv__max_slew_limit"", ""param:CORE_UTILIZATION"", ""3_3_place_gp__globalplace__gpl__area__final__percent"", ""3_3_place_gp__globalplace__gpl__routability__iteration"", ""3_3_place_gp__globalplace__gpl__area__original"", ""3_3_place_gp__globalplace__gpl__area__timing_delta"", ""3_3_place_gp__globalplace__gpl__area__timing_delta__percent"", ""3_3_place_gp__globalplace__power__leakage__total"", ""3_3_place_gp__globalplace__power__switching__total"", ""3_3_place_gp__globalplace__power__total"", ""3_3_place_gp__globalplace__timing__fmax"", ""3_3_place_gp__globalplace__timing__fmax__clock:core_clock"", ""3_3_place_gp__globalplace__timing__setup__tns"", ""3_4_place_resized__placeopt__design__instance__area"", ""3_4_place_resized__placeopt__design__instance__area__stdcell"", ""3_4_place_resized__placeopt__design__instance__count"", ""3_4_place_resized__placeopt__design__instance__count__stdcell"", ""3_4_place_resized__placeopt__design__instance__utilization"", ""3_4_place_resized__placeopt__timing__hold__ws"", ""3_4_place_resized__placeopt__design__instance__utilization__stdcell""]",46,-0.16823034555879204
placement,fmax,47,3_4_place_resized__placeopt__design__nets,0.9585301239484405,0.008714642738875551,11292921.6,17755778.785088904,"[""3_3_place_gp__globalplace__power__internal__total"", ""3_3_place_gp__globalplace__timing__setup__ws"", ""3_5_place_dp__detailedplace__design__instance__displacement__max"", ""3_3_place_gp__globalplace__design__instance__count"", ""3_5_place_dp__detailedplace__timing__drv__max_cap_limit"", ""3_5_place_dp__detailedplace__timing__fmax"", ""3_5_place_dp__detailedplace__dpl__hpwl__delta"", ""3_3_place_gp__globalplace__gpl__routability__congestion"", ""3_5_place_dp__detailedplace__timing__hold__ws"", ""3_4_place_resized__placeopt__timing__drv__max_slew_limit"", ""3_5_place_dp__detailedplace__timing__fmax__clock:core_clock"", ""3_5_place_dp__detailedplace__negotiation__converge__phase_1__iteration"", ""3_5_place_dp__detailedplace__dpl__hpwl__delta__percent"", ""3_5_place_dp__detailedplace__design__instance__displacement__mean"", ""3_3_place_gp__globalplace__design__instance__area"", ""3_3_place_gp__globalplace__design__instance__count__stdcell"", ""3_3_place_gp__globalplace__timing__hold__ws"", ""3_3_place_gp__globalplace__route__wirelength__estimated"", ""3_3_place_gp__globalplace__design__instance__area__stdcell"", ""3_3_place_gp__globalplace__gpl__convergence__iteration"", ""3_3_place_gp__globalplace__design__instance__utilization"", ""3_5_place_dp__detailedplace__route__wirelength__estimated"", ""3_3_place_gp__globalplace__design__nets"", ""3_3_place_gp__globalplace__design__instance__utilization__stdcell"", ""3_3_place_gp__globalplace__gpl__area__final"", ""3_5_place_dp__detailedplace__design__instance__displacement__total"", ""3_5_place_dp__detailedplace__timing__drv__max_slew_limit"", ""param:CORE_UTILIZATION"", ""3_3_place_gp__globalplace__gpl__area__final__percent"", ""3_3_place_gp__globalplace__gpl__routability__iteration"", ""3_3_place_gp__globalplace__gpl__area__original"", ""3_3_place_gp__globalplace__gpl__area__timing_delta"", ""3_3_place_gp__globalplace__gpl__area__timing_delta__percent"", ""3_3_place_gp__globalplace__power__leakage__total"", ""3_3_place_gp__globalplace__power__switching__total"", ""3_3_place_gp__globalplace__power__total"", ""3_3_place_gp__globalplace__timing__fmax"", ""3_3_place_gp__globalplace__timing__fmax__clock:core_clock"", ""3_3_place_gp__globalplace__timing__setup__tns"", ""3_4_place_resized__placeopt__design__instance__area"", ""3_4_place_resized__placeopt__design__instance__area__stdcell"", ""3_4_place_resized__placeopt__design__instance__count"", ""3_4_place_resized__placeopt__design__instance__count__stdcell"", ""3_4_place_resized__placeopt__design__instance__utilization"", ""3_4_place_resized__placeopt__timing__hold__ws"", ""3_4_place_resized__placeopt__design__instance__utilization__stdcell"", ""3_4_place_resized__placeopt__design__nets""]",47,-0.16823034555879204
placement,fmax,48,3_4_place_resized__placeopt__power__internal__total,0.9774083401520727,0.011304899509152939,9316640.0,12683373.193254026,"[""3_3_place_gp__globalplace__power__internal__total"", ""3_3_place_gp__globalplace__timing__setup__ws"", ""3_5_place_dp__detailedplace__design__instance__displacement__max"", ""3_3_place_gp__globalplace__design__instance__count"", ""3_5_place_dp__detailedplace__timing__drv__max_cap_limit"", ""3_5_place_dp__detailedplace__timing__fmax"", ""3_5_place_dp__detailedplace__dpl__hpwl__delta"", ""3_3_place_gp__globalplace__gpl__routability__congestion"", ""3_5_place_dp__detailedplace__timing__hold__ws"", ""3_4_place_resized__placeopt__timing__drv__max_slew_limit"", ""3_5_place_dp__detailedplace__timing__fmax__clock:core_clock"", ""3_5_place_dp__detailedplace__negotiation__converge__phase_1__iteration"", ""3_5_place_dp__detailedplace__dpl__hpwl__delta__percent"", ""3_5_place_dp__detailedplace__design__instance__displacement__mean"", ""3_3_place_gp__globalplace__design__instance__area"", ""3_3_place_gp__globalplace__design__instance__count__stdcell"", ""3_3_place_gp__globalplace__timing__hold__ws"", ""3_3_place_gp__globalplace__route__wirelength__estimated"", ""3_3_place_gp__globalplace__design__instance__area__stdcell"", ""3_3_place_gp__globalplace__gpl__convergence__iteration"", ""3_3_place_gp__globalplace__design__instance__utilization"", ""3_5_place_dp__detailedplace__route__wirelength__estimated"", ""3_3_place_gp__globalplace__design__nets"", ""3_3_place_gp__globalplace__design__instance__utilization__stdcell"", ""3_3_place_gp__globalplace__gpl__area__final"", ""3_5_place_dp__detailedplace__design__instance__displacement__total"", ""3_5_place_dp__detailedplace__timing__drv__max_slew_limit"", ""param:CORE_UTILIZATION"", ""3_3_place_gp__globalplace__gpl__area__final__percent"", ""3_3_place_gp__globalplace__gpl__routability__iteration"", ""3_3_place_gp__globalplace__gpl__area__original"", ""3_3_place_gp__globalplace__gpl__area__timing_delta"", ""3_3_place_gp__globalplace__gpl__area__timing_delta__percent"", ""3_3_place_gp__globalplace__power__leakage__total"", ""3_3_place_gp__globalplace__power__switching__total"", ""3_3_place_gp__globalplace__power__total"", ""3_3_place_gp__globalplace__timing__fmax"", ""3_3_place_gp__globalplace__timing__fmax__clock:core_clock"", ""3_3_place_gp__globalplace__timing__setup__tns"", ""3_4_place_resized__placeopt__design__instance__area"", ""3_4_place_resized__placeopt__design__instance__area__stdcell"", ""3_4_place_resized__placeopt__design__instance__count"", ""3_4_place_resized__placeopt__design__instance__count__stdcell"", ""3_4_place_resized__placeopt__design__instance__utilization"", ""3_4_place_resized__placeopt__timing__hold__ws"", ""3_4_place_resized__placeopt__design__instance__utilization__stdcell"", ""3_4_place_resized__placeopt__design__nets"", ""3_4_place_resized__placeopt__power__internal__total""]",48,-0.16823034555879204
placement,fmax,49,3_4_place_resized__placeopt__power__leakage__total,0.959203492070769,0.0085866792354967,11201085.866666667,17567534.617479663,"[""3_3_place_gp__globalplace__power__internal__total"", ""3_3_place_gp__globalplace__timing__setup__ws"", ""3_5_place_dp__detailedplace__design__instance__displacement__max"", ""3_3_place_gp__globalplace__design__instance__count"", ""3_5_place_dp__detailedplace__timing__drv__max_cap_limit"", ""3_5_place_dp__detailedplace__timing__fmax"", ""3_5_place_dp__detailedplace__dpl__hpwl__delta"", ""3_3_place_gp__globalplace__gpl__routability__congestion"", ""3_5_place_dp__detailedplace__timing__hold__ws"", ""3_4_place_resized__placeopt__timing__drv__max_slew_limit"", ""3_5_place_dp__detailedplace__timing__fmax__clock:core_clock"", ""3_5_place_dp__detailedplace__negotiation__converge__phase_1__iteration"", ""3_5_place_dp__detailedplace__dpl__hpwl__delta__percent"", ""3_5_place_dp__detailedplace__design__instance__displacement__mean"", ""3_3_place_gp__globalplace__design__instance__area"", ""3_3_place_gp__globalplace__design__instance__count__stdcell"", ""3_3_place_gp__globalplace__timing__hold__ws"", ""3_3_place_gp__globalplace__route__wirelength__estimated"", ""3_3_place_gp__globalplace__design__instance__area__stdcell"", ""3_3_place_gp__globalplace__gpl__convergence__iteration"", ""3_3_place_gp__globalplace__design__instance__utilization"", ""3_5_place_dp__detailedplace__route__wirelength__estimated"", ""3_3_place_gp__globalplace__design__nets"", ""3_3_place_gp__globalplace__design__instance__utilization__stdcell"", ""3_3_place_gp__globalplace__gpl__area__final"", ""3_5_place_dp__detailedplace__design__instance__displacement__total"", ""3_5_place_dp__detailedplace__timing__drv__max_slew_limit"", ""param:CORE_UTILIZATION"", ""3_3_place_gp__globalplace__gpl__area__final__percent"", ""3_3_place_gp__globalplace__gpl__routability__iteration"", ""3_3_place_gp__globalplace__gpl__area__original"", ""3_3_place_gp__globalplace__gpl__area__timing_delta"", ""3_3_place_gp__globalplace__gpl__area__timing_delta__percent"", ""3_3_place_gp__globalplace__power__leakage__total"", ""3_3_place_gp__globalplace__power__switching__total"", ""3_3_place_gp__globalplace__power__total"", ""3_3_place_gp__globalplace__timing__fmax"", ""3_3_place_gp__globalplace__timing__fmax__clock:core_clock"", ""3_3_place_gp__globalplace__timing__setup__tns"", ""3_4_place_resized__placeopt__design__instance__area"", ""3_4_place_resized__placeopt__design__instance__area__stdcell"", ""3_4_place_resized__placeopt__design__instance__count"", ""3_4_place_resized__placeopt__design__instance__count__stdcell"", ""3_4_place_resized__placeopt__design__instance__utilization"", ""3_4_place_resized__placeopt__timing__hold__ws"", ""3_4_place_resized__placeopt__design__instance__utilization__stdcell"", ""3_4_place_resized__placeopt__design__nets"", ""3_4_place_resized__placeopt__power__internal__total"", ""3_4_place_resized__placeopt__power__leakage__total""]",49,-0.16823034555879204
placement,fmax,50,3_4_place_resized__placeopt__power__switching__total,0.9689575725950178,0.00814796363330948,10131771.733333332,15334711.081473297,"[""3_3_place_gp__globalplace__power__internal__total"", ""3_3_place_gp__globalplace__timing__setup__ws"", ""3_5_place_dp__detailedplace__design__instance__displacement__max"", ""3_3_place_gp__globalplace__design__instance__count"", ""3_5_place_dp__detailedplace__timing__drv__max_cap_limit"", ""3_5_place_dp__detailedplace__timing__fmax"", ""3_5_place_dp__detailedplace__dpl__hpwl__delta"", ""3_3_place_gp__globalplace__gpl__routability__congestion"", ""3_5_place_dp__detailedplace__timing__hold__ws"", ""3_4_place_resized__placeopt__timing__drv__max_slew_limit"", ""3_5_place_dp__detailedplace__timing__fmax__clock:core_clock"", ""3_5_place_dp__detailedplace__negotiation__converge__phase_1__iteration"", ""3_5_place_dp__detailedplace__dpl__hpwl__delta__percent"", ""3_5_place_dp__detailedplace__design__instance__displacement__mean"", ""3_3_place_gp__globalplace__design__instance__area"", ""3_3_place_gp__globalplace__design__instance__count__stdcell"", ""3_3_place_gp__globalplace__timing__hold__ws"", ""3_3_place_gp__globalplace__route__wirelength__estimated"", ""3_3_place_gp__globalplace__design__instance__area__stdcell"", ""3_3_place_gp__globalplace__gpl__convergence__iteration"", ""3_3_place_gp__globalplace__design__instance__utilization"", ""3_5_place_dp__detailedplace__route__wirelength__estimated"", ""3_3_place_gp__globalplace__design__nets"", ""3_3_place_gp__globalplace__design__instance__utilization__stdcell"", ""3_3_place_gp__globalplace__gpl__area__final"", ""3_5_place_dp__detailedplace__design__instance__displacement__total"", ""3_5_place_dp__detailedplace__timing__drv__max_slew_limit"", ""param:CORE_UTILIZATION"", ""3_3_place_gp__globalplace__gpl__area__final__percent"", ""3_3_place_gp__globalplace__gpl__routability__iteration"", ""3_3_place_gp__globalplace__gpl__area__original"", ""3_3_place_gp__globalplace__gpl__area__timing_delta"", ""3_3_place_gp__globalplace__gpl__area__timing_delta__percent"", ""3_3_place_gp__globalplace__power__leakage__total"", ""3_3_place_gp__globalplace__power__switching__total"", ""3_3_place_gp__globalplace__power__total"", ""3_3_place_gp__globalplace__timing__fmax"", ""3_3_place_gp__globalplace__timing__fmax__clock:core_clock"", ""3_3_place_gp__globalplace__timing__setup__tns"", ""3_4_place_resized__placeopt__design__instance__area"", ""3_4_place_resized__placeopt__design__instance__area__stdcell"", ""3_4_place_resized__placeopt__design__instance__count"", ""3_4_place_resized__placeopt__design__instance__count__stdcell"", ""3_4_place_resized__placeopt__design__instance__utilization"", ""3_4_place_resized__placeopt__timing__hold__ws"", ""3_4_place_resized__placeopt__design__instance__utilization__stdcell"", ""3_4_place_resized__placeopt__design__nets"", ""3_4_place_resized__placeopt__power__internal__total"", ""3_4_place_resized__placeopt__power__leakage__total"", ""3_4_place_resized__placeopt__power__switching__total""]",50,-0.16823034555879204
placement,fmax,51,3_4_place_resized__placeopt__power__total,0.973663901667608,0.00825955449350536,9022935.466666667,14171407.966006102,"[""3_3_place_gp__globalplace__power__internal__total"", ""3_3_place_gp__globalplace__timing__setup__ws"", ""3_5_place_dp__detailedplace__design__instance__displacement__max"", ""3_3_place_gp__globalplace__design__instance__count"", ""3_5_place_dp__detailedplace__timing__drv__max_cap_limit"", ""3_5_place_dp__detailedplace__timing__fmax"", ""3_5_place_dp__detailedplace__dpl__hpwl__delta"", ""3_3_place_gp__globalplace__gpl__routability__congestion"", ""3_5_place_dp__detailedplace__timing__hold__ws"", ""3_4_place_resized__placeopt__timing__drv__max_slew_limit"", ""3_5_place_dp__detailedplace__timing__fmax__clock:core_clock"", ""3_5_place_dp__detailedplace__negotiation__converge__phase_1__iteration"", ""3_5_place_dp__detailedplace__dpl__hpwl__delta__percent"", ""3_5_place_dp__detailedplace__design__instance__displacement__mean"", ""3_3_place_gp__globalplace__design__instance__area"", ""3_3_place_gp__globalplace__design__instance__count__stdcell"", ""3_3_place_gp__globalplace__timing__hold__ws"", ""3_3_place_gp__globalplace__route__wirelength__estimated"", ""3_3_place_gp__globalplace__design__instance__area__stdcell"", ""3_3_place_gp__globalplace__gpl__convergence__iteration"", ""3_3_place_gp__globalplace__design__instance__utilization"", ""3_5_place_dp__detailedplace__route__wirelength__estimated"", ""3_3_place_gp__globalplace__design__nets"", ""3_3_place_gp__globalplace__design__instance__utilization__stdcell"", ""3_3_place_gp__globalplace__gpl__area__final"", ""3_5_place_dp__detailedplace__design__instance__displacement__total"", ""3_5_place_dp__detailedplace__timing__drv__max_slew_limit"", ""param:CORE_UTILIZATION"", ""3_3_place_gp__globalplace__gpl__area__final__percent"", ""3_3_place_gp__globalplace__gpl__routability__iteration"", ""3_3_place_gp__globalplace__gpl__area__original"", ""3_3_place_gp__globalplace__gpl__area__timing_delta"", ""3_3_place_gp__globalplace__gpl__area__timing_delta__percent"", ""3_3_place_gp__globalplace__power__leakage__total"", ""3_3_place_gp__globalplace__power__switching__total"", ""3_3_place_gp__globalplace__power__total"", ""3_3_place_gp__globalplace__timing__fmax"", ""3_3_place_gp__globalplace__timing__fmax__clock:core_clock"", ""3_3_place_gp__globalplace__timing__setup__tns"", ""3_4_place_resized__placeopt__design__instance__area"", ""3_4_place_resized__placeopt__design__instance__area__stdcell"", ""3_4_place_resized__placeopt__design__instance__count"", ""3_4_place_resized__placeopt__design__instance__count__stdcell"", ""3_4_place_resized__placeopt__design__instance__utilization"", ""3_4_place_resized__placeopt__timing__hold__ws"", ""3_4_place_resized__placeopt__design__instance__utilization__stdcell"", ""3_4_place_resized__placeopt__design__nets"", ""3_4_place_resized__placeopt__power__internal__total"", ""3_4_place_resized__placeopt__power__leakage__total"", ""3_4_place_resized__placeopt__power__switching__total"", ""3_4_place_resized__placeopt__power__total""]",51,-0.16823034555879204
placement,fmax,52,3_4_place_resized__placeopt__timing__drv__setup_violation_count,0.9640666151364378,0.006787358383202228,10672204.799999999,16620660.661782607,"[""3_3_place_gp__globalplace__power__internal__total"", ""3_3_place_gp__globalplace__timing__setup__ws"", ""3_5_place_dp__detailedplace__design__instance__displacement__max"", ""3_3_place_gp__globalplace__design__instance__count"", ""3_5_place_dp__detailedplace__timing__drv__max_cap_limit"", ""3_5_place_dp__detailedplace__timing__fmax"", ""3_5_place_dp__detailedplace__dpl__hpwl__delta"", ""3_3_place_gp__globalplace__gpl__routability__congestion"", ""3_5_place_dp__detailedplace__timing__hold__ws"", ""3_4_place_resized__placeopt__timing__drv__max_slew_limit"", ""3_5_place_dp__detailedplace__timing__fmax__clock:core_clock"", ""3_5_place_dp__detailedplace__negotiation__converge__phase_1__iteration"", ""3_5_place_dp__detailedplace__dpl__hpwl__delta__percent"", ""3_5_place_dp__detailedplace__design__instance__displacement__mean"", ""3_3_place_gp__globalplace__design__instance__area"", ""3_3_place_gp__globalplace__design__instance__count__stdcell"", ""3_3_place_gp__globalplace__timing__hold__ws"", ""3_3_place_gp__globalplace__route__wirelength__estimated"", ""3_3_place_gp__globalplace__design__instance__area__stdcell"", ""3_3_place_gp__globalplace__gpl__convergence__iteration"", ""3_3_place_gp__globalplace__design__instance__utilization"", ""3_5_place_dp__detailedplace__route__wirelength__estimated"", ""3_3_place_gp__globalplace__design__nets"", ""3_3_place_gp__globalplace__design__instance__utilization__stdcell"", ""3_3_place_gp__globalplace__gpl__area__final"", ""3_5_place_dp__detailedplace__design__instance__displacement__total"", ""3_5_place_dp__detailedplace__timing__drv__max_slew_limit"", ""param:CORE_UTILIZATION"", ""3_3_place_gp__globalplace__gpl__area__final__percent"", ""3_3_place_gp__globalplace__gpl__routability__iteration"", ""3_3_place_gp__globalplace__gpl__area__original"", ""3_3_place_gp__globalplace__gpl__area__timing_delta"", ""3_3_place_gp__globalplace__gpl__area__timing_delta__percent"", ""3_3_place_gp__globalplace__power__leakage__total"", ""3_3_place_gp__globalplace__power__switching__total"", ""3_3_place_gp__globalplace__power__total"", ""3_3_place_gp__globalplace__timing__fmax"", ""3_3_place_gp__globalplace__timing__fmax__clock:core_clock"", ""3_3_place_gp__globalplace__timing__setup__tns"", ""3_4_place_resized__placeopt__design__instance__area"", ""3_4_place_resized__placeopt__design__instance__area__stdcell"", ""3_4_place_resized__placeopt__design__instance__count"", ""3_4_place_resized__placeopt__design__instance__count__stdcell"", ""3_4_place_resized__placeopt__design__instance__utilization"", ""3_4_place_resized__placeopt__timing__hold__ws"", ""3_4_place_resized__placeopt__design__instance__utilization__stdcell"", ""3_4_place_resized__placeopt__design__nets"", ""3_4_place_resized__placeopt__power__internal__total"", ""3_4_place_resized__placeopt__power__leakage__total"", ""3_4_place_resized__placeopt__power__switching__total"", ""3_4_place_resized__placeopt__power__total"", ""3_4_place_resized__placeopt__timing__drv__setup_violation_count""]",52,-0.16823034555879204
placement,fmax,53,3_4_place_resized__placeopt__timing__fmax,0.9713158756728655,0.0075587847830421995,9882171.733333334,14823529.409440177,"[""3_3_place_gp__globalplace__power__internal__total"", ""3_3_place_gp__globalplace__timing__setup__ws"", ""3_5_place_dp__detailedplace__design__instance__displacement__max"", ""3_3_place_gp__globalplace__design__instance__count"", ""3_5_place_dp__detailedplace__timing__drv__max_cap_limit"", ""3_5_place_dp__detailedplace__timing__fmax"", ""3_5_place_dp__detailedplace__dpl__hpwl__delta"", ""3_3_place_gp__globalplace__gpl__routability__congestion"", ""3_5_place_dp__detailedplace__timing__hold__ws"", ""3_4_place_resized__placeopt__timing__drv__max_slew_limit"", ""3_5_place_dp__detailedplace__timing__fmax__clock:core_clock"", ""3_5_place_dp__detailedplace__negotiation__converge__phase_1__iteration"", ""3_5_place_dp__detailedplace__dpl__hpwl__delta__percent"", ""3_5_place_dp__detailedplace__design__instance__displacement__mean"", ""3_3_place_gp__globalplace__design__instance__area"", ""3_3_place_gp__globalplace__design__instance__count__stdcell"", ""3_3_place_gp__globalplace__timing__hold__ws"", ""3_3_place_gp__globalplace__route__wirelength__estimated"", ""3_3_place_gp__globalplace__design__instance__area__stdcell"", ""3_3_place_gp__globalplace__gpl__convergence__iteration"", ""3_3_place_gp__globalplace__design__instance__utilization"", ""3_5_place_dp__detailedplace__route__wirelength__estimated"", ""3_3_place_gp__globalplace__design__nets"", ""3_3_place_gp__globalplace__design__instance__utilization__stdcell"", ""3_3_place_gp__globalplace__gpl__area__final"", ""3_5_place_dp__detailedplace__design__instance__displacement__total"", ""3_5_place_dp__detailedplace__timing__drv__max_slew_limit"", ""param:CORE_UTILIZATION"", ""3_3_place_gp__globalplace__gpl__area__final__percent"", ""3_3_place_gp__globalplace__gpl__routability__iteration"", ""3_3_place_gp__globalplace__gpl__area__original"", ""3_3_place_gp__globalplace__gpl__area__timing_delta"", ""3_3_place_gp__globalplace__gpl__area__timing_delta__percent"", ""3_3_place_gp__globalplace__power__leakage__total"", ""3_3_place_gp__globalplace__power__switching__total"", ""3_3_place_gp__globalplace__power__total"", ""3_3_place_gp__globalplace__timing__fmax"", ""3_3_place_gp__globalplace__timing__fmax__clock:core_clock"", ""3_3_place_gp__globalplace__timing__setup__tns"", ""3_4_place_resized__placeopt__design__instance__area"", ""3_4_place_resized__placeopt__design__instance__area__stdcell"", ""3_4_place_resized__placeopt__design__instance__count"", ""3_4_place_resized__placeopt__design__instance__count__stdcell"", ""3_4_place_resized__placeopt__design__instance__utilization"", ""3_4_place_resized__placeopt__timing__hold__ws"", ""3_4_place_resized__placeopt__design__instance__utilization__stdcell"", ""3_4_place_resized__placeopt__design__nets"", ""3_4_place_resized__placeopt__power__internal__total"", ""3_4_place_resized__placeopt__power__leakage__total"", ""3_4_place_resized__placeopt__power__switching__total"", ""3_4_place_resized__placeopt__power__total"", ""3_4_place_resized__placeopt__timing__drv__setup_violation_count"", ""3_4_place_resized__placeopt__timing__fmax""]",53,-0.16823034555879204
placement,fmax,54,3_4_place_resized__placeopt__timing__fmax__clock:core_clock,0.9726954977634326,0.0100759790615058,9086148.266666666,14498077.95386116,"[""3_3_place_gp__globalplace__power__internal__total"", ""3_3_place_gp__globalplace__timing__setup__ws"", ""3_5_place_dp__detailedplace__design__instance__displacement__max"", ""3_3_place_gp__globalplace__design__instance__count"", ""3_5_place_dp__detailedplace__timing__drv__max_cap_limit"", ""3_5_place_dp__detailedplace__timing__fmax"", ""3_5_place_dp__detailedplace__dpl__hpwl__delta"", ""3_3_place_gp__globalplace__gpl__routability__congestion"", ""3_5_place_dp__detailedplace__timing__hold__ws"", ""3_4_place_resized__placeopt__timing__drv__max_slew_limit"", ""3_5_place_dp__detailedplace__timing__fmax__clock:core_clock"", ""3_5_place_dp__detailedplace__negotiation__converge__phase_1__iteration"", ""3_5_place_dp__detailedplace__dpl__hpwl__delta__percent"", ""3_5_place_dp__detailedplace__design__instance__displacement__mean"", ""3_3_place_gp__globalplace__design__instance__area"", ""3_3_place_gp__globalplace__design__instance__count__stdcell"", ""3_3_place_gp__globalplace__timing__hold__ws"", ""3_3_place_gp__globalplace__route__wirelength__estimated"", ""3_3_place_gp__globalplace__design__instance__area__stdcell"", ""3_3_place_gp__globalplace__gpl__convergence__iteration"", ""3_3_place_gp__globalplace__design__instance__utilization"", ""3_5_place_dp__detailedplace__route__wirelength__estimated"", ""3_3_place_gp__globalplace__design__nets"", ""3_3_place_gp__globalplace__design__instance__utilization__stdcell"", ""3_3_place_gp__globalplace__gpl__area__final"", ""3_5_place_dp__detailedplace__design__instance__displacement__total"", ""3_5_place_dp__detailedplace__timing__drv__max_slew_limit"", ""param:CORE_UTILIZATION"", ""3_3_place_gp__globalplace__gpl__area__final__percent"", ""3_3_place_gp__globalplace__gpl__routability__iteration"", ""3_3_place_gp__globalplace__gpl__area__original"", ""3_3_place_gp__globalplace__gpl__area__timing_delta"", ""3_3_place_gp__globalplace__gpl__area__timing_delta__percent"", ""3_3_place_gp__globalplace__power__leakage__total"", ""3_3_place_gp__globalplace__power__switching__total"", ""3_3_place_gp__globalplace__power__total"", ""3_3_place_gp__globalplace__timing__fmax"", ""3_3_place_gp__globalplace__timing__fmax__clock:core_clock"", ""3_3_place_gp__globalplace__timing__setup__tns"", ""3_4_place_resized__placeopt__design__instance__area"", ""3_4_place_resized__placeopt__design__instance__area__stdcell"", ""3_4_place_resized__placeopt__design__instance__count"", ""3_4_place_resized__placeopt__design__instance__count__stdcell"", ""3_4_place_resized__placeopt__design__instance__utilization"", ""3_4_place_resized__placeopt__timing__hold__ws"", ""3_4_place_resized__placeopt__design__instance__utilization__stdcell"", ""3_4_place_resized__placeopt__design__nets"", ""3_4_place_resized__placeopt__power__internal__total"", ""3_4_place_resized__placeopt__power__leakage__total"", ""3_4_place_resized__placeopt__power__switching__total"", ""3_4_place_resized__placeopt__power__total"", ""3_4_place_resized__placeopt__timing__drv__setup_violation_count"", ""3_4_place_resized__placeopt__timing__fmax"", ""3_4_place_resized__placeopt__timing__fmax__clock:core_clock""]",54,-0.16823034555879204
placement,fmax,55,3_4_place_resized__placeopt__timing__setup__tns,0.9622172016252835,0.007229167923301353,10985668.266666666,17044845.364651863,"[""3_3_place_gp__globalplace__power__internal__total"", ""3_3_place_gp__globalplace__timing__setup__ws"", ""3_5_place_dp__detailedplace__design__instance__displacement__max"", ""3_3_place_gp__globalplace__design__instance__count"", ""3_5_place_dp__detailedplace__timing__drv__max_cap_limit"", ""3_5_place_dp__detailedplace__timing__fmax"", ""3_5_place_dp__detailedplace__dpl__hpwl__delta"", ""3_3_place_gp__globalplace__gpl__routability__congestion"", ""3_5_place_dp__detailedplace__timing__hold__ws"", ""3_4_place_resized__placeopt__timing__drv__max_slew_limit"", ""3_5_place_dp__detailedplace__timing__fmax__clock:core_clock"", ""3_5_place_dp__detailedplace__negotiation__converge__phase_1__iteration"", ""3_5_place_dp__detailedplace__dpl__hpwl__delta__percent"", ""3_5_place_dp__detailedplace__design__instance__displacement__mean"", ""3_3_place_gp__globalplace__design__instance__area"", ""3_3_place_gp__globalplace__design__instance__count__stdcell"", ""3_3_place_gp__globalplace__timing__hold__ws"", ""3_3_place_gp__globalplace__route__wirelength__estimated"", ""3_3_place_gp__globalplace__design__instance__area__stdcell"", ""3_3_place_gp__globalplace__gpl__convergence__iteration"", ""3_3_place_gp__globalplace__design__instance__utilization"", ""3_5_place_dp__detailedplace__route__wirelength__estimated"", ""3_3_place_gp__globalplace__design__nets"", ""3_3_place_gp__globalplace__design__instance__utilization__stdcell"", ""3_3_place_gp__globalplace__gpl__area__final"", ""3_5_place_dp__detailedplace__design__instance__displacement__total"", ""3_5_place_dp__detailedplace__timing__drv__max_slew_limit"", ""param:CORE_UTILIZATION"", ""3_3_place_gp__globalplace__gpl__area__final__percent"", ""3_3_place_gp__globalplace__gpl__routability__iteration"", ""3_3_place_gp__globalplace__gpl__area__original"", ""3_3_place_gp__globalplace__gpl__area__timing_delta"", ""3_3_place_gp__globalplace__gpl__area__timing_delta__percent"", ""3_3_place_gp__globalplace__power__leakage__total"", ""3_3_place_gp__globalplace__power__switching__total"", ""3_3_place_gp__globalplace__power__total"", ""3_3_place_gp__globalplace__timing__fmax"", ""3_3_place_gp__globalplace__timing__fmax__clock:core_clock"", ""3_3_place_gp__globalplace__timing__setup__tns"", ""3_4_place_resized__placeopt__design__instance__area"", ""3_4_place_resized__placeopt__design__instance__area__stdcell"", ""3_4_place_resized__placeopt__design__instance__count"", ""3_4_place_resized__placeopt__design__instance__count__stdcell"", ""3_4_place_resized__placeopt__design__instance__utilization"", ""3_4_place_resized__placeopt__timing__hold__ws"", ""3_4_place_resized__placeopt__design__instance__utilization__stdcell"", ""3_4_place_resized__placeopt__design__nets"", ""3_4_place_resized__placeopt__power__internal__total"", ""3_4_place_resized__placeopt__power__leakage__total"", ""3_4_place_resized__placeopt__power__switching__total"", ""3_4_place_resized__placeopt__power__total"", ""3_4_place_resized__placeopt__timing__drv__setup_violation_count"", ""3_4_place_resized__placeopt__timing__fmax"", ""3_4_place_resized__placeopt__timing__fmax__clock:core_clock"", ""3_4_place_resized__placeopt__timing__setup__tns""]",55,-0.16823034555879204
placement,fmax,56,3_4_place_resized__placeopt__timing__setup__ws,0.9746158363886505,0.012809406947830157,8491818.666666666,13782334.07963263,"[""3_3_place_gp__globalplace__power__internal__total"", ""3_3_place_gp__globalplace__timing__setup__ws"", ""3_5_place_dp__detailedplace__design__instance__displacement__max"", ""3_3_place_gp__globalplace__design__instance__count"", ""3_5_place_dp__detailedplace__timing__drv__max_cap_limit"", ""3_5_place_dp__detailedplace__timing__fmax"", ""3_5_place_dp__detailedplace__dpl__hpwl__delta"", ""3_3_place_gp__globalplace__gpl__routability__congestion"", ""3_5_place_dp__detailedplace__timing__hold__ws"", ""3_4_place_resized__placeopt__timing__drv__max_slew_limit"", ""3_5_place_dp__detailedplace__timing__fmax__clock:core_clock"", ""3_5_place_dp__detailedplace__negotiation__converge__phase_1__iteration"", ""3_5_place_dp__detailedplace__dpl__hpwl__delta__percent"", ""3_5_place_dp__detailedplace__design__instance__displacement__mean"", ""3_3_place_gp__globalplace__design__instance__area"", ""3_3_place_gp__globalplace__design__instance__count__stdcell"", ""3_3_place_gp__globalplace__timing__hold__ws"", ""3_3_place_gp__globalplace__route__wirelength__estimated"", ""3_3_place_gp__globalplace__design__instance__area__stdcell"", ""3_3_place_gp__globalplace__gpl__convergence__iteration"", ""3_3_place_gp__globalplace__design__instance__utilization"", ""3_5_place_dp__detailedplace__route__wirelength__estimated"", ""3_3_place_gp__globalplace__design__nets"", ""3_3_place_gp__globalplace__design__instance__utilization__stdcell"", ""3_3_place_gp__globalplace__gpl__area__final"", ""3_5_place_dp__detailedplace__design__instance__displacement__total"", ""3_5_place_dp__detailedplace__timing__drv__max_slew_limit"", ""param:CORE_UTILIZATION"", ""3_3_place_gp__globalplace__gpl__area__final__percent"", ""3_3_place_gp__globalplace__gpl__routability__iteration"", ""3_3_place_gp__globalplace__gpl__area__original"", ""3_3_place_gp__globalplace__gpl__area__timing_delta"", ""3_3_place_gp__globalplace__gpl__area__timing_delta__percent"", ""3_3_place_gp__globalplace__power__leakage__total"", ""3_3_place_gp__globalplace__power__switching__total"", ""3_3_place_gp__globalplace__power__total"", ""3_3_place_gp__globalplace__timing__fmax"", ""3_3_place_gp__globalplace__timing__fmax__clock:core_clock"", ""3_3_place_gp__globalplace__timing__setup__tns"", ""3_4_place_resized__placeopt__design__instance__area"", ""3_4_place_resized__placeopt__design__instance__area__stdcell"", ""3_4_place_resized__placeopt__design__instance__count"", ""3_4_place_resized__placeopt__design__instance__count__stdcell"", ""3_4_place_resized__placeopt__design__instance__utilization"", ""3_4_place_resized__placeopt__timing__hold__ws"", ""3_4_place_resized__placeopt__design__instance__utilization__stdcell"", ""3_4_place_resized__placeopt__design__nets"", ""3_4_place_resized__placeopt__power__internal__total"", ""3_4_place_resized__placeopt__power__leakage__total"", ""3_4_place_resized__placeopt__power__switching__total"", ""3_4_place_resized__placeopt__power__total"", ""3_4_place_resized__placeopt__timing__drv__setup_violation_count"", ""3_4_place_resized__placeopt__timing__fmax"", ""3_4_place_resized__placeopt__timing__fmax__clock:core_clock"", ""3_4_place_resized__placeopt__timing__setup__tns"", ""3_4_place_resized__placeopt__timing__setup__ws""]",56,-0.16823034555879204
placement,fmax,57,3_5_place_dp__detailedplace__design__instance__area,0.940399797357966,0.015186187462170807,11772731.733333334,21043673.04219415,"[""3_3_place_gp__globalplace__power__internal__total"", ""3_3_place_gp__globalplace__timing__setup__ws"", ""3_5_place_dp__detailedplace__design__instance__displacement__max"", ""3_3_place_gp__globalplace__design__instance__count"", ""3_5_place_dp__detailedplace__timing__drv__max_cap_limit"", ""3_5_place_dp__detailedplace__timing__fmax"", ""3_5_place_dp__detailedplace__dpl__hpwl__delta"", ""3_3_place_gp__globalplace__gpl__routability__congestion"", ""3_5_place_dp__detailedplace__timing__hold__ws"", ""3_4_place_resized__placeopt__timing__drv__max_slew_limit"", ""3_5_place_dp__detailedplace__timing__fmax__clock:core_clock"", ""3_5_place_dp__detailedplace__negotiation__converge__phase_1__iteration"", ""3_5_place_dp__detailedplace__dpl__hpwl__delta__percent"", ""3_5_place_dp__detailedplace__design__instance__displacement__mean"", ""3_3_place_gp__globalplace__design__instance__area"", ""3_3_place_gp__globalplace__design__instance__count__stdcell"", ""3_3_place_gp__globalplace__timing__hold__ws"", ""3_3_place_gp__globalplace__route__wirelength__estimated"", ""3_3_place_gp__globalplace__design__instance__area__stdcell"", ""3_3_place_gp__globalplace__gpl__convergence__iteration"", ""3_3_place_gp__globalplace__design__instance__utilization"", ""3_5_place_dp__detailedplace__route__wirelength__estimated"", ""3_3_place_gp__globalplace__design__nets"", ""3_3_place_gp__globalplace__design__instance__utilization__stdcell"", ""3_3_place_gp__globalplace__gpl__area__final"", ""3_5_place_dp__detailedplace__design__instance__displacement__total"", ""3_5_place_dp__detailedplace__timing__drv__max_slew_limit"", ""param:CORE_UTILIZATION"", ""3_3_place_gp__globalplace__gpl__area__final__percent"", ""3_3_place_gp__globalplace__gpl__routability__iteration"", ""3_3_place_gp__globalplace__gpl__area__original"", ""3_3_place_gp__globalplace__gpl__area__timing_delta"", ""3_3_place_gp__globalplace__gpl__area__timing_delta__percent"", ""3_3_place_gp__globalplace__power__leakage__total"", ""3_3_place_gp__globalplace__power__switching__total"", ""3_3_place_gp__globalplace__power__total"", ""3_3_place_gp__globalplace__timing__fmax"", ""3_3_place_gp__globalplace__timing__fmax__clock:core_clock"", ""3_3_place_gp__globalplace__timing__setup__tns"", ""3_4_place_resized__placeopt__design__instance__area"", ""3_4_place_resized__placeopt__design__instance__area__stdcell"", ""3_4_place_resized__placeopt__design__instance__count"", ""3_4_place_resized__placeopt__design__instance__count__stdcell"", ""3_4_place_resized__placeopt__design__instance__utilization"", ""3_4_place_resized__placeopt__timing__hold__ws"", ""3_4_place_resized__placeopt__design__instance__utilization__stdcell"", ""3_4_place_resized__placeopt__design__nets"", ""3_4_place_resized__placeopt__power__internal__total"", ""3_4_place_resized__placeopt__power__leakage__total"", ""3_4_place_resized__placeopt__power__switching__total"", ""3_4_place_resized__placeopt__power__total"", ""3_4_place_resized__placeopt__timing__drv__setup_violation_count"", ""3_4_place_resized__placeopt__timing__fmax"", ""3_4_place_resized__placeopt__timing__fmax__clock:core_clock"", ""3_4_place_resized__placeopt__timing__setup__tns"", ""3_4_place_resized__placeopt__timing__setup__ws"", ""3_5_place_dp__detailedplace__design__instance__area""]",57,-0.16823034555879204
placement,fmax,58,3_5_place_dp__detailedplace__design__instance__area__stdcell,0.9778065722377812,0.01605459967243003,7734946.133333333,12426560.897349836,"[""3_3_place_gp__globalplace__power__internal__total"", ""3_3_place_gp__globalplace__timing__setup__ws"", ""3_5_place_dp__detailedplace__design__instance__displacement__max"", ""3_3_place_gp__globalplace__design__instance__count"", ""3_5_place_dp__detailedplace__timing__drv__max_cap_limit"", ""3_5_place_dp__detailedplace__timing__fmax"", ""3_5_place_dp__detailedplace__dpl__hpwl__delta"", ""3_3_place_gp__globalplace__gpl__routability__congestion"", ""3_5_place_dp__detailedplace__timing__hold__ws"", ""3_4_place_resized__placeopt__timing__drv__max_slew_limit"", ""3_5_place_dp__detailedplace__timing__fmax__clock:core_clock"", ""3_5_place_dp__detailedplace__negotiation__converge__phase_1__iteration"", ""3_5_place_dp__detailedplace__dpl__hpwl__delta__percent"", ""3_5_place_dp__detailedplace__design__instance__displacement__mean"", ""3_3_place_gp__globalplace__design__instance__area"", ""3_3_place_gp__globalplace__design__instance__count__stdcell"", ""3_3_place_gp__globalplace__timing__hold__ws"", ""3_3_place_gp__globalplace__route__wirelength__estimated"", ""3_3_place_gp__globalplace__design__instance__area__stdcell"", ""3_3_place_gp__globalplace__gpl__convergence__iteration"", ""3_3_place_gp__globalplace__design__instance__utilization"", ""3_5_place_dp__detailedplace__route__wirelength__estimated"", ""3_3_place_gp__globalplace__design__nets"", ""3_3_place_gp__globalplace__design__instance__utilization__stdcell"", ""3_3_place_gp__globalplace__gpl__area__final"", ""3_5_place_dp__detailedplace__design__instance__displacement__total"", ""3_5_place_dp__detailedplace__timing__drv__max_slew_limit"", ""param:CORE_UTILIZATION"", ""3_3_place_gp__globalplace__gpl__area__final__percent"", ""3_3_place_gp__globalplace__gpl__routability__iteration"", ""3_3_place_gp__globalplace__gpl__area__original"", ""3_3_place_gp__globalplace__gpl__area__timing_delta"", ""3_3_place_gp__globalplace__gpl__area__timing_delta__percent"", ""3_3_place_gp__globalplace__power__leakage__total"", ""3_3_place_gp__globalplace__power__switching__total"", ""3_3_place_gp__globalplace__power__total"", ""3_3_place_gp__globalplace__timing__fmax"", ""3_3_place_gp__globalplace__timing__fmax__clock:core_clock"", ""3_3_place_gp__globalplace__timing__setup__tns"", ""3_4_place_resized__placeopt__design__instance__area"", ""3_4_place_resized__placeopt__design__instance__area__stdcell"", ""3_4_place_resized__placeopt__design__instance__count"", ""3_4_place_resized__placeopt__design__instance__count__stdcell"", ""3_4_place_resized__placeopt__design__instance__utilization"", ""3_4_place_resized__placeopt__timing__hold__ws"", ""3_4_place_resized__placeopt__design__instance__utilization__stdcell"", ""3_4_place_resized__placeopt__design__nets"", ""3_4_place_resized__placeopt__power__internal__total"", ""3_4_place_resized__placeopt__power__leakage__total"", ""3_4_place_resized__placeopt__power__switching__total"", ""3_4_place_resized__placeopt__power__total"", ""3_4_place_resized__placeopt__timing__drv__setup_violation_count"", ""3_4_place_resized__placeopt__timing__fmax"", ""3_4_place_resized__placeopt__timing__fmax__clock:core_clock"", ""3_4_place_resized__placeopt__timing__setup__tns"", ""3_4_place_resized__placeopt__timing__setup__ws"", ""3_5_place_dp__detailedplace__design__instance__area"", ""3_5_place_dp__detailedplace__design__instance__area__stdcell""]",58,-0.16823034555879204
placement,fmax,59,3_5_place_dp__detailedplace__design__instance__count,0.9472966822177126,0.012270931775301294,11247752.533333333,19867856.74301291,"[""3_3_place_gp__globalplace__power__internal__total"", ""3_3_place_gp__globalplace__timing__setup__ws"", ""3_5_place_dp__detailedplace__design__instance__displacement__max"", ""3_3_place_gp__globalplace__design__instance__count"", ""3_5_place_dp__detailedplace__timing__drv__max_cap_limit"", ""3_5_place_dp__detailedplace__timing__fmax"", ""3_5_place_dp__detailedplace__dpl__hpwl__delta"", ""3_3_place_gp__globalplace__gpl__routability__congestion"", ""3_5_place_dp__detailedplace__timing__hold__ws"", ""3_4_place_resized__placeopt__timing__drv__max_slew_limit"", ""3_5_place_dp__detailedplace__timing__fmax__clock:core_clock"", ""3_5_place_dp__detailedplace__negotiation__converge__phase_1__iteration"", ""3_5_place_dp__detailedplace__dpl__hpwl__delta__percent"", ""3_5_place_dp__detailedplace__design__instance__displacement__mean"", ""3_3_place_gp__globalplace__design__instance__area"", ""3_3_place_gp__globalplace__design__instance__count__stdcell"", ""3_3_place_gp__globalplace__timing__hold__ws"", ""3_3_place_gp__globalplace__route__wirelength__estimated"", ""3_3_place_gp__globalplace__design__instance__area__stdcell"", ""3_3_place_gp__globalplace__gpl__convergence__iteration"", ""3_3_place_gp__globalplace__design__instance__utilization"", ""3_5_place_dp__detailedplace__route__wirelength__estimated"", ""3_3_place_gp__globalplace__design__nets"", ""3_3_place_gp__globalplace__design__instance__utilization__stdcell"", ""3_3_place_gp__globalplace__gpl__area__final"", ""3_5_place_dp__detailedplace__design__instance__displacement__total"", ""3_5_place_dp__detailedplace__timing__drv__max_slew_limit"", ""param:CORE_UTILIZATION"", ""3_3_place_gp__globalplace__gpl__area__final__percent"", ""3_3_place_gp__globalplace__gpl__routability__iteration"", ""3_3_place_gp__globalplace__gpl__area__original"", ""3_3_place_gp__globalplace__gpl__area__timing_delta"", ""3_3_place_gp__globalplace__gpl__area__timing_delta__percent"", ""3_3_place_gp__globalplace__power__leakage__total"", ""3_3_place_gp__globalplace__power__switching__total"", ""3_3_place_gp__globalplace__power__total"", ""3_3_place_gp__globalplace__timing__fmax"", ""3_3_place_gp__globalplace__timing__fmax__clock:core_clock"", ""3_3_place_gp__globalplace__timing__setup__tns"", ""3_4_place_resized__placeopt__design__instance__area"", ""3_4_place_resized__placeopt__design__instance__area__stdcell"", ""3_4_place_resized__placeopt__design__instance__count"", ""3_4_place_resized__placeopt__design__instance__count__stdcell"", ""3_4_place_resized__placeopt__design__instance__utilization"", ""3_4_place_resized__placeopt__timing__hold__ws"", ""3_4_place_resized__placeopt__design__instance__utilization__stdcell"", ""3_4_place_resized__placeopt__design__nets"", ""3_4_place_resized__placeopt__power__internal__total"", ""3_4_place_resized__placeopt__power__leakage__total"", ""3_4_place_resized__placeopt__power__switching__total"", ""3_4_place_resized__placeopt__power__total"", ""3_4_place_resized__placeopt__timing__drv__setup_violation_count"", ""3_4_place_resized__placeopt__timing__fmax"", ""3_4_place_resized__placeopt__timing__fmax__clock:core_clock"", ""3_4_place_resized__placeopt__timing__setup__tns"", ""3_4_place_resized__placeopt__timing__setup__ws"", ""3_5_place_dp__detailedplace__design__instance__area"", ""3_5_place_dp__detailedplace__design__instance__area__stdcell"", ""3_5_place_dp__detailedplace__design__instance__count""]",59,-0.16823034555879204
placement,fmax,60,3_5_place_dp__detailedplace__design__instance__count__stdcell,0.9759161904166186,0.017452964588016415,7212115.199999999,11825080.949716404,"[""3_3_place_gp__globalplace__power__internal__total"", ""3_3_place_gp__globalplace__timing__setup__ws"", ""3_5_place_dp__detailedplace__design__instance__displacement__max"", ""3_3_place_gp__globalplace__design__instance__count"", ""3_5_place_dp__detailedplace__timing__drv__max_cap_limit"", ""3_5_place_dp__detailedplace__timing__fmax"", ""3_5_place_dp__detailedplace__dpl__hpwl__delta"", ""3_3_place_gp__globalplace__gpl__routability__congestion"", ""3_5_place_dp__detailedplace__timing__hold__ws"", ""3_4_place_resized__placeopt__timing__drv__max_slew_limit"", ""3_5_place_dp__detailedplace__timing__fmax__clock:core_clock"", ""3_5_place_dp__detailedplace__negotiation__converge__phase_1__iteration"", ""3_5_place_dp__detailedplace__dpl__hpwl__delta__percent"", ""3_5_place_dp__detailedplace__design__instance__displacement__mean"", ""3_3_place_gp__globalplace__design__instance__area"", ""3_3_place_gp__globalplace__design__instance__count__stdcell"", ""3_3_place_gp__globalplace__timing__hold__ws"", ""3_3_place_gp__globalplace__route__wirelength__estimated"", ""3_3_place_gp__globalplace__design__instance__area__stdcell"", ""3_3_place_gp__globalplace__gpl__convergence__iteration"", ""3_3_place_gp__globalplace__design__instance__utilization"", ""3_5_place_dp__detailedplace__route__wirelength__estimated"", ""3_3_place_gp__globalplace__design__nets"", ""3_3_place_gp__globalplace__design__instance__utilization__stdcell"", ""3_3_place_gp__globalplace__gpl__area__final"", ""3_5_place_dp__detailedplace__design__instance__displacement__total"", ""3_5_place_dp__detailedplace__timing__drv__max_slew_limit"", ""param:CORE_UTILIZATION"", ""3_3_place_gp__globalplace__gpl__area__final__percent"", ""3_3_place_gp__globalplace__gpl__routability__iteration"", ""3_3_place_gp__globalplace__gpl__area__original"", ""3_3_place_gp__globalplace__gpl__area__timing_delta"", ""3_3_place_gp__globalplace__gpl__area__timing_delta__percent"", ""3_3_place_gp__globalplace__power__leakage__total"", ""3_3_place_gp__globalplace__power__switching__total"", ""3_3_place_gp__globalplace__power__total"", ""3_3_place_gp__globalplace__timing__fmax"", ""3_3_place_gp__globalplace__timing__fmax__clock:core_clock"", ""3_3_place_gp__globalplace__timing__setup__tns"", ""3_4_place_resized__placeopt__design__instance__area"", ""3_4_place_resized__placeopt__design__instance__area__stdcell"", ""3_4_place_resized__placeopt__design__instance__count"", ""3_4_place_resized__placeopt__design__instance__count__stdcell"", ""3_4_place_resized__placeopt__design__instance__utilization"", ""3_4_place_resized__placeopt__timing__hold__ws"", ""3_4_place_resized__placeopt__design__instance__utilization__stdcell"", ""3_4_place_resized__placeopt__design__nets"", ""3_4_place_resized__placeopt__power__internal__total"", ""3_4_place_resized__placeopt__power__leakage__total"", ""3_4_place_resized__placeopt__power__switching__total"", ""3_4_place_resized__placeopt__power__total"", ""3_4_place_resized__placeopt__timing__drv__setup_violation_count"", ""3_4_place_resized__placeopt__timing__fmax"", ""3_4_place_resized__placeopt__timing__fmax__clock:core_clock"", ""3_4_place_resized__placeopt__timing__setup__tns"", ""3_4_place_resized__placeopt__timing__setup__ws"", ""3_5_place_dp__detailedplace__design__instance__area"", ""3_5_place_dp__detailedplace__design__instance__area__stdcell"", ""3_5_place_dp__detailedplace__design__instance__count"", ""3_5_place_dp__detailedplace__design__instance__count__stdcell""]",60,-0.16823034555879204
placement,fmax,61,3_5_place_dp__detailedplace__design__instance__utilization,0.9680405608794235,0.015397484697442343,8902075.733333332,15035716.266218677,"[""3_3_place_gp__globalplace__power__internal__total"", ""3_3_place_gp__globalplace__timing__setup__ws"", ""3_5_place_dp__detailedplace__design__instance__displacement__max"", ""3_3_place_gp__globalplace__design__instance__count"", ""3_5_place_dp__detailedplace__timing__drv__max_cap_limit"", ""3_5_place_dp__detailedplace__timing__fmax"", ""3_5_place_dp__detailedplace__dpl__hpwl__delta"", ""3_3_place_gp__globalplace__gpl__routability__congestion"", ""3_5_place_dp__detailedplace__timing__hold__ws"", ""3_4_place_resized__placeopt__timing__drv__max_slew_limit"", ""3_5_place_dp__detailedplace__timing__fmax__clock:core_clock"", ""3_5_place_dp__detailedplace__negotiation__converge__phase_1__iteration"", ""3_5_place_dp__detailedplace__dpl__hpwl__delta__percent"", ""3_5_place_dp__detailedplace__design__instance__displacement__mean"", ""3_3_place_gp__globalplace__design__instance__area"", ""3_3_place_gp__globalplace__design__instance__count__stdcell"", ""3_3_place_gp__globalplace__timing__hold__ws"", ""3_3_place_gp__globalplace__route__wirelength__estimated"", ""3_3_place_gp__globalplace__design__instance__area__stdcell"", ""3_3_place_gp__globalplace__gpl__convergence__iteration"", ""3_3_place_gp__globalplace__design__instance__utilization"", ""3_5_place_dp__detailedplace__route__wirelength__estimated"", ""3_3_place_gp__globalplace__design__nets"", ""3_3_place_gp__globalplace__design__instance__utilization__stdcell"", ""3_3_place_gp__globalplace__gpl__area__final"", ""3_5_place_dp__detailedplace__design__instance__displacement__total"", ""3_5_place_dp__detailedplace__timing__drv__max_slew_limit"", ""param:CORE_UTILIZATION"", ""3_3_place_gp__globalplace__gpl__area__final__percent"", ""3_3_place_gp__globalplace__gpl__routability__iteration"", ""3_3_place_gp__globalplace__gpl__area__original"", ""3_3_place_gp__globalplace__gpl__area__timing_delta"", ""3_3_place_gp__globalplace__gpl__area__timing_delta__percent"", ""3_3_place_gp__globalplace__power__leakage__total"", ""3_3_place_gp__globalplace__power__switching__total"", ""3_3_place_gp__globalplace__power__total"", ""3_3_place_gp__globalplace__timing__fmax"", ""3_3_place_gp__globalplace__timing__fmax__clock:core_clock"", ""3_3_place_gp__globalplace__timing__setup__tns"", ""3_4_place_resized__placeopt__design__instance__area"", ""3_4_place_resized__placeopt__design__instance__area__stdcell"", ""3_4_place_resized__placeopt__design__instance__count"", ""3_4_place_resized__placeopt__design__instance__count__stdcell"", ""3_4_place_resized__placeopt__design__instance__utilization"", ""3_4_place_resized__placeopt__timing__hold__ws"", ""3_4_place_resized__placeopt__design__instance__utilization__stdcell"", ""3_4_place_resized__placeopt__design__nets"", ""3_4_place_resized__placeopt__power__internal__total"", ""3_4_place_resized__placeopt__power__leakage__total"", ""3_4_place_resized__placeopt__power__switching__total"", ""3_4_place_resized__placeopt__power__total"", ""3_4_place_resized__placeopt__timing__drv__setup_violation_count"", ""3_4_place_resized__placeopt__timing__fmax"", ""3_4_place_resized__placeopt__timing__fmax__clock:core_clock"", ""3_4_place_resized__placeopt__timing__setup__tns"", ""3_4_place_resized__placeopt__timing__setup__ws"", ""3_5_place_dp__detailedplace__design__instance__area"", ""3_5_place_dp__detailedplace__design__instance__area__stdcell"", ""3_5_place_dp__detailedplace__design__instance__count"", ""3_5_place_dp__detailedplace__design__instance__count__stdcell"", ""3_5_place_dp__detailedplace__design__instance__utilization""]",61,-0.16823034555879204
placement,fmax,62,3_5_place_dp__detailedplace__design__instance__utilization__stdcell,0.9759858390903894,0.016549678073431558,7749425.066666666,12056686.615875335,"[""3_3_place_gp__globalplace__power__internal__total"", ""3_3_place_gp__globalplace__timing__setup__ws"", ""3_5_place_dp__detailedplace__design__instance__displacement__max"", ""3_3_place_gp__globalplace__design__instance__count"", ""3_5_place_dp__detailedplace__timing__drv__max_cap_limit"", ""3_5_place_dp__detailedplace__timing__fmax"", ""3_5_place_dp__detailedplace__dpl__hpwl__delta"", ""3_3_place_gp__globalplace__gpl__routability__congestion"", ""3_5_place_dp__detailedplace__timing__hold__ws"", ""3_4_place_resized__placeopt__timing__drv__max_slew_limit"", ""3_5_place_dp__detailedplace__timing__fmax__clock:core_clock"", ""3_5_place_dp__detailedplace__negotiation__converge__phase_1__iteration"", ""3_5_place_dp__detailedplace__dpl__hpwl__delta__percent"", ""3_5_place_dp__detailedplace__design__instance__displacement__mean"", ""3_3_place_gp__globalplace__design__instance__area"", ""3_3_place_gp__globalplace__design__instance__count__stdcell"", ""3_3_place_gp__globalplace__timing__hold__ws"", ""3_3_place_gp__globalplace__route__wirelength__estimated"", ""3_3_place_gp__globalplace__design__instance__area__stdcell"", ""3_3_place_gp__globalplace__gpl__convergence__iteration"", ""3_3_place_gp__globalplace__design__instance__utilization"", ""3_5_place_dp__detailedplace__route__wirelength__estimated"", ""3_3_place_gp__globalplace__design__nets"", ""3_3_place_gp__globalplace__design__instance__utilization__stdcell"", ""3_3_place_gp__globalplace__gpl__area__final"", ""3_5_place_dp__detailedplace__design__instance__displacement__total"", ""3_5_place_dp__detailedplace__timing__drv__max_slew_limit"", ""param:CORE_UTILIZATION"", ""3_3_place_gp__globalplace__gpl__area__final__percent"", ""3_3_place_gp__globalplace__gpl__routability__iteration"", ""3_3_place_gp__globalplace__gpl__area__original"", ""3_3_place_gp__globalplace__gpl__area__timing_delta"", ""3_3_place_gp__globalplace__gpl__area__timing_delta__percent"", ""3_3_place_gp__globalplace__power__leakage__total"", ""3_3_place_gp__globalplace__power__switching__total"", ""3_3_place_gp__globalplace__power__total"", ""3_3_place_gp__globalplace__timing__fmax"", ""3_3_place_gp__globalplace__timing__fmax__clock:core_clock"", ""3_3_place_gp__globalplace__timing__setup__tns"", ""3_4_place_resized__placeopt__design__instance__area"", ""3_4_place_resized__placeopt__design__instance__area__stdcell"", ""3_4_place_resized__placeopt__design__instance__count"", ""3_4_place_resized__placeopt__design__instance__count__stdcell"", ""3_4_place_resized__placeopt__design__instance__utilization"", ""3_4_place_resized__placeopt__timing__hold__ws"", ""3_4_place_resized__placeopt__design__instance__utilization__stdcell"", ""3_4_place_resized__placeopt__design__nets"", ""3_4_place_resized__placeopt__power__internal__total"", ""3_4_place_resized__placeopt__power__leakage__total"", ""3_4_place_resized__placeopt__power__switching__total"", ""3_4_place_resized__placeopt__power__total"", ""3_4_place_resized__placeopt__timing__drv__setup_violation_count"", ""3_4_place_resized__placeopt__timing__fmax"", ""3_4_place_resized__placeopt__timing__fmax__clock:core_clock"", ""3_4_place_resized__placeopt__timing__setup__tns"", ""3_4_place_resized__placeopt__timing__setup__ws"", ""3_5_place_dp__detailedplace__design__instance__area"", ""3_5_place_dp__detailedplace__design__instance__area__stdcell"", ""3_5_place_dp__detailedplace__design__instance__count"", ""3_5_place_dp__detailedplace__design__instance__count__stdcell"", ""3_5_place_dp__detailedplace__design__instance__utilization"", ""3_5_place_dp__detailedplace__design__instance__utilization__stdcell""]",62,-0.16823034555879204
placement,fmax,63,3_5_place_dp__detailedplace__design__nets,0.970413132620774,0.019617166545510423,8745469.866666667,13197483.733043225,"[""3_3_place_gp__globalplace__power__internal__total"", ""3_3_place_gp__globalplace__timing__setup__ws"", ""3_5_place_dp__detailedplace__design__instance__displacement__max"", ""3_3_place_gp__globalplace__design__instance__count"", ""3_5_place_dp__detailedplace__timing__drv__max_cap_limit"", ""3_5_place_dp__detailedplace__timing__fmax"", ""3_5_place_dp__detailedplace__dpl__hpwl__delta"", ""3_3_place_gp__globalplace__gpl__routability__congestion"", ""3_5_place_dp__detailedplace__timing__hold__ws"", ""3_4_place_resized__placeopt__timing__drv__max_slew_limit"", ""3_5_place_dp__detailedplace__timing__fmax__clock:core_clock"", ""3_5_place_dp__detailedplace__negotiation__converge__phase_1__iteration"", ""3_5_place_dp__detailedplace__dpl__hpwl__delta__percent"", ""3_5_place_dp__detailedplace__design__instance__displacement__mean"", ""3_3_place_gp__globalplace__design__instance__area"", ""3_3_place_gp__globalplace__design__instance__count__stdcell"", ""3_3_place_gp__globalplace__timing__hold__ws"", ""3_3_place_gp__globalplace__route__wirelength__estimated"", ""3_3_place_gp__globalplace__design__instance__area__stdcell"", ""3_3_place_gp__globalplace__gpl__convergence__iteration"", ""3_3_place_gp__globalplace__design__instance__utilization"", ""3_5_place_dp__detailedplace__route__wirelength__estimated"", ""3_3_place_gp__globalplace__design__nets"", ""3_3_place_gp__globalplace__design__instance__utilization__stdcell"", ""3_3_place_gp__globalplace__gpl__area__final"", ""3_5_place_dp__detailedplace__design__instance__displacement__total"", ""3_5_place_dp__detailedplace__timing__drv__max_slew_limit"", ""param:CORE_UTILIZATION"", ""3_3_place_gp__globalplace__gpl__area__final__percent"", ""3_3_place_gp__globalplace__gpl__routability__iteration"", ""3_3_place_gp__globalplace__gpl__area__original"", ""3_3_place_gp__globalplace__gpl__area__timing_delta"", ""3_3_place_gp__globalplace__gpl__area__timing_delta__percent"", ""3_3_place_gp__globalplace__power__leakage__total"", ""3_3_place_gp__globalplace__power__switching__total"", ""3_3_place_gp__globalplace__power__total"", ""3_3_place_gp__globalplace__timing__fmax"", ""3_3_place_gp__globalplace__timing__fmax__clock:core_clock"", ""3_3_place_gp__globalplace__timing__setup__tns"", ""3_4_place_resized__placeopt__design__instance__area"", ""3_4_place_resized__placeopt__design__instance__area__stdcell"", ""3_4_place_resized__placeopt__design__instance__count"", ""3_4_place_resized__placeopt__design__instance__count__stdcell"", ""3_4_place_resized__placeopt__design__instance__utilization"", ""3_4_place_resized__placeopt__timing__hold__ws"", ""3_4_place_resized__placeopt__design__instance__utilization__stdcell"", ""3_4_place_resized__placeopt__design__nets"", ""3_4_place_resized__placeopt__power__internal__total"", ""3_4_place_resized__placeopt__power__leakage__total"", ""3_4_place_resized__placeopt__power__switching__total"", ""3_4_place_resized__placeopt__power__total"", ""3_4_place_resized__placeopt__timing__drv__setup_violation_count"", ""3_4_place_resized__placeopt__timing__fmax"", ""3_4_place_resized__placeopt__timing__fmax__clock:core_clock"", ""3_4_place_resized__placeopt__timing__setup__tns"", ""3_4_place_resized__placeopt__timing__setup__ws"", ""3_5_place_dp__detailedplace__design__instance__area"", ""3_5_place_dp__detailedplace__design__instance__area__stdcell"", ""3_5_place_dp__detailedplace__design__instance__count"", ""3_5_place_dp__detailedplace__design__instance__count__stdcell"", ""3_5_place_dp__detailedplace__design__instance__utilization"", ""3_5_place_dp__detailedplace__design__instance__utilization__stdcell"", ""3_5_place_dp__detailedplace__design__nets""]",63,-0.16823034555879204
placement,fmax,64,3_5_place_dp__detailedplace__power__internal__total,0.9708631680793003,0.018120613155137594,8983304.533333333,13506485.69674359,"[""3_3_place_gp__globalplace__power__internal__total"", ""3_3_place_gp__globalplace__timing__setup__ws"", ""3_5_place_dp__detailedplace__design__instance__displacement__max"", ""3_3_place_gp__globalplace__design__instance__count"", ""3_5_place_dp__detailedplace__timing__drv__max_cap_limit"", ""3_5_place_dp__detailedplace__timing__fmax"", ""3_5_place_dp__detailedplace__dpl__hpwl__delta"", ""3_3_place_gp__globalplace__gpl__routability__congestion"", ""3_5_place_dp__detailedplace__timing__hold__ws"", ""3_4_place_resized__placeopt__timing__drv__max_slew_limit"", ""3_5_place_dp__detailedplace__timing__fmax__clock:core_clock"", ""3_5_place_dp__detailedplace__negotiation__converge__phase_1__iteration"", ""3_5_place_dp__detailedplace__dpl__hpwl__delta__percent"", ""3_5_place_dp__detailedplace__design__instance__displacement__mean"", ""3_3_place_gp__globalplace__design__instance__area"", ""3_3_place_gp__globalplace__design__instance__count__stdcell"", ""3_3_place_gp__globalplace__timing__hold__ws"", ""3_3_place_gp__globalplace__route__wirelength__estimated"", ""3_3_place_gp__globalplace__design__instance__area__stdcell"", ""3_3_place_gp__globalplace__gpl__convergence__iteration"", ""3_3_place_gp__globalplace__design__instance__utilization"", ""3_5_place_dp__detailedplace__route__wirelength__estimated"", ""3_3_place_gp__globalplace__design__nets"", ""3_3_place_gp__globalplace__design__instance__utilization__stdcell"", ""3_3_place_gp__globalplace__gpl__area__final"", ""3_5_place_dp__detailedplace__design__instance__displacement__total"", ""3_5_place_dp__detailedplace__timing__drv__max_slew_limit"", ""param:CORE_UTILIZATION"", ""3_3_place_gp__globalplace__gpl__area__final__percent"", ""3_3_place_gp__globalplace__gpl__routability__iteration"", ""3_3_place_gp__globalplace__gpl__area__original"", ""3_3_place_gp__globalplace__gpl__area__timing_delta"", ""3_3_place_gp__globalplace__gpl__area__timing_delta__percent"", ""3_3_place_gp__globalplace__power__leakage__total"", ""3_3_place_gp__globalplace__power__switching__total"", ""3_3_place_gp__globalplace__power__total"", ""3_3_place_gp__globalplace__timing__fmax"", ""3_3_place_gp__globalplace__timing__fmax__clock:core_clock"", ""3_3_place_gp__globalplace__timing__setup__tns"", ""3_4_place_resized__placeopt__design__instance__area"", ""3_4_place_resized__placeopt__design__instance__area__stdcell"", ""3_4_place_resized__placeopt__design__instance__count"", ""3_4_place_resized__placeopt__design__instance__count__stdcell"", ""3_4_place_resized__placeopt__design__instance__utilization"", ""3_4_place_resized__placeopt__timing__hold__ws"", ""3_4_place_resized__placeopt__design__instance__utilization__stdcell"", ""3_4_place_resized__placeopt__design__nets"", ""3_4_place_resized__placeopt__power__internal__total"", ""3_4_place_resized__placeopt__power__leakage__total"", ""3_4_place_resized__placeopt__power__switching__total"", ""3_4_place_resized__placeopt__power__total"", ""3_4_place_resized__placeopt__timing__drv__setup_violation_count"", ""3_4_place_resized__placeopt__timing__fmax"", ""3_4_place_resized__placeopt__timing__fmax__clock:core_clock"", ""3_4_place_resized__placeopt__timing__setup__tns"", ""3_4_place_resized__placeopt__timing__setup__ws"", ""3_5_place_dp__detailedplace__design__instance__area"", ""3_5_place_dp__detailedplace__design__instance__area__stdcell"", ""3_5_place_dp__detailedplace__design__instance__count"", ""3_5_place_dp__detailedplace__design__instance__count__stdcell"", ""3_5_place_dp__detailedplace__design__instance__utilization"", ""3_5_place_dp__detailedplace__design__instance__utilization__stdcell"", ""3_5_place_dp__detailedplace__design__nets"", ""3_5_place_dp__detailedplace__power__internal__total""]",64,-0.16823034555879204
placement,fmax,65,3_5_place_dp__detailedplace__power__leakage__total,0.9787340131638618,0.015861377585770317,7363383.466666668,11163228.51662193,"[""3_3_place_gp__globalplace__power__internal__total"", ""3_3_place_gp__globalplace__timing__setup__ws"", ""3_5_place_dp__detailedplace__design__instance__displacement__max"", ""3_3_place_gp__globalplace__design__instance__count"", ""3_5_place_dp__detailedplace__timing__drv__max_cap_limit"", ""3_5_place_dp__detailedplace__timing__fmax"", ""3_5_place_dp__detailedplace__dpl__hpwl__delta"", ""3_3_place_gp__globalplace__gpl__routability__congestion"", ""3_5_place_dp__detailedplace__timing__hold__ws"", ""3_4_place_resized__placeopt__timing__drv__max_slew_limit"", ""3_5_place_dp__detailedplace__timing__fmax__clock:core_clock"", ""3_5_place_dp__detailedplace__negotiation__converge__phase_1__iteration"", ""3_5_place_dp__detailedplace__dpl__hpwl__delta__percent"", ""3_5_place_dp__detailedplace__design__instance__displacement__mean"", ""3_3_place_gp__globalplace__design__instance__area"", ""3_3_place_gp__globalplace__design__instance__count__stdcell"", ""3_3_place_gp__globalplace__timing__hold__ws"", ""3_3_place_gp__globalplace__route__wirelength__estimated"", ""3_3_place_gp__globalplace__design__instance__area__stdcell"", ""3_3_place_gp__globalplace__gpl__convergence__iteration"", ""3_3_place_gp__globalplace__design__instance__utilization"", ""3_5_place_dp__detailedplace__route__wirelength__estimated"", ""3_3_place_gp__globalplace__design__nets"", ""3_3_place_gp__globalplace__design__instance__utilization__stdcell"", ""3_3_place_gp__globalplace__gpl__area__final"", ""3_5_place_dp__detailedplace__design__instance__displacement__total"", ""3_5_place_dp__detailedplace__timing__drv__max_slew_limit"", ""param:CORE_UTILIZATION"", ""3_3_place_gp__globalplace__gpl__area__final__percent"", ""3_3_place_gp__globalplace__gpl__routability__iteration"", ""3_3_place_gp__globalplace__gpl__area__original"", ""3_3_place_gp__globalplace__gpl__area__timing_delta"", ""3_3_place_gp__globalplace__gpl__area__timing_delta__percent"", ""3_3_place_gp__globalplace__power__leakage__total"", ""3_3_place_gp__globalplace__power__switching__total"", ""3_3_place_gp__globalplace__power__total"", ""3_3_place_gp__globalplace__timing__fmax"", ""3_3_place_gp__globalplace__timing__fmax__clock:core_clock"", ""3_3_place_gp__globalplace__timing__setup__tns"", ""3_4_place_resized__placeopt__design__instance__area"", ""3_4_place_resized__placeopt__design__instance__area__stdcell"", ""3_4_place_resized__placeopt__design__instance__count"", ""3_4_place_resized__placeopt__design__instance__count__stdcell"", ""3_4_place_resized__placeopt__design__instance__utilization"", ""3_4_place_resized__placeopt__timing__hold__ws"", ""3_4_place_resized__placeopt__design__instance__utilization__stdcell"", ""3_4_place_resized__placeopt__design__nets"", ""3_4_place_resized__placeopt__power__internal__total"", ""3_4_place_resized__placeopt__power__leakage__total"", ""3_4_place_resized__placeopt__power__switching__total"", ""3_4_place_resized__placeopt__power__total"", ""3_4_place_resized__placeopt__timing__drv__setup_violation_count"", ""3_4_place_resized__placeopt__timing__fmax"", ""3_4_place_resized__placeopt__timing__fmax__clock:core_clock"", ""3_4_place_resized__placeopt__timing__setup__tns"", ""3_4_place_resized__placeopt__timing__setup__ws"", ""3_5_place_dp__detailedplace__design__instance__area"", ""3_5_place_dp__detailedplace__design__instance__area__stdcell"", ""3_5_place_dp__detailedplace__design__instance__count"", ""3_5_place_dp__detailedplace__design__instance__count__stdcell"", ""3_5_place_dp__detailedplace__design__instance__utilization"", ""3_5_place_dp__detailedplace__design__instance__utilization__stdcell"", ""3_5_place_dp__detailedplace__design__nets"", ""3_5_place_dp__detailedplace__power__internal__total"", ""3_5_place_dp__detailedplace__power__leakage__total""]",65,-0.16823034555879204
placement,fmax,66,3_5_place_dp__detailedplace__power__switching__total,0.9491031506613118,0.02517287316882923,10982073.6,18723199.525156584,"[""3_3_place_gp__globalplace__power__internal__total"", ""3_3_place_gp__globalplace__timing__setup__ws"", ""3_5_place_dp__detailedplace__design__instance__displacement__max"", ""3_3_place_gp__globalplace__design__instance__count"", ""3_5_place_dp__detailedplace__timing__drv__max_cap_limit"", ""3_5_place_dp__detailedplace__timing__fmax"", ""3_5_place_dp__detailedplace__dpl__hpwl__delta"", ""3_3_place_gp__globalplace__gpl__routability__congestion"", ""3_5_place_dp__detailedplace__timing__hold__ws"", ""3_4_place_resized__placeopt__timing__drv__max_slew_limit"", ""3_5_place_dp__detailedplace__timing__fmax__clock:core_clock"", ""3_5_place_dp__detailedplace__negotiation__converge__phase_1__iteration"", ""3_5_place_dp__detailedplace__dpl__hpwl__delta__percent"", ""3_5_place_dp__detailedplace__design__instance__displacement__mean"", ""3_3_place_gp__globalplace__design__instance__area"", ""3_3_place_gp__globalplace__design__instance__count__stdcell"", ""3_3_place_gp__globalplace__timing__hold__ws"", ""3_3_place_gp__globalplace__route__wirelength__estimated"", ""3_3_place_gp__globalplace__design__instance__area__stdcell"", ""3_3_place_gp__globalplace__gpl__convergence__iteration"", ""3_3_place_gp__globalplace__design__instance__utilization"", ""3_5_place_dp__detailedplace__route__wirelength__estimated"", ""3_3_place_gp__globalplace__design__nets"", ""3_3_place_gp__globalplace__design__instance__utilization__stdcell"", ""3_3_place_gp__globalplace__gpl__area__final"", ""3_5_place_dp__detailedplace__design__instance__displacement__total"", ""3_5_place_dp__detailedplace__timing__drv__max_slew_limit"", ""param:CORE_UTILIZATION"", ""3_3_place_gp__globalplace__gpl__area__final__percent"", ""3_3_place_gp__globalplace__gpl__routability__iteration"", ""3_3_place_gp__globalplace__gpl__area__original"", ""3_3_place_gp__globalplace__gpl__area__timing_delta"", ""3_3_place_gp__globalplace__gpl__area__timing_delta__percent"", ""3_3_place_gp__globalplace__power__leakage__total"", ""3_3_place_gp__globalplace__power__switching__total"", ""3_3_place_gp__globalplace__power__total"", ""3_3_place_gp__globalplace__timing__fmax"", ""3_3_place_gp__globalplace__timing__fmax__clock:core_clock"", ""3_3_place_gp__globalplace__timing__setup__tns"", ""3_4_place_resized__placeopt__design__instance__area"", ""3_4_place_resized__placeopt__design__instance__area__stdcell"", ""3_4_place_resized__placeopt__design__instance__count"", ""3_4_place_resized__placeopt__design__instance__count__stdcell"", ""3_4_place_resized__placeopt__design__instance__utilization"", ""3_4_place_resized__placeopt__timing__hold__ws"", ""3_4_place_resized__placeopt__design__instance__utilization__stdcell"", ""3_4_place_resized__placeopt__design__nets"", ""3_4_place_resized__placeopt__power__internal__total"", ""3_4_place_resized__placeopt__power__leakage__total"", ""3_4_place_resized__placeopt__power__switching__total"", ""3_4_place_resized__placeopt__power__total"", ""3_4_place_resized__placeopt__timing__drv__setup_violation_count"", ""3_4_place_resized__placeopt__timing__fmax"", ""3_4_place_resized__placeopt__timing__fmax__clock:core_clock"", ""3_4_place_resized__placeopt__timing__setup__tns"", ""3_4_place_resized__placeopt__timing__setup__ws"", ""3_5_place_dp__detailedplace__design__instance__area"", ""3_5_place_dp__detailedplace__design__instance__area__stdcell"", ""3_5_place_dp__detailedplace__design__instance__count"", ""3_5_place_dp__detailedplace__design__instance__count__stdcell"", ""3_5_place_dp__detailedplace__design__instance__utilization"", ""3_5_place_dp__detailedplace__design__instance__utilization__stdcell"", ""3_5_place_dp__detailedplace__design__nets"", ""3_5_place_dp__detailedplace__power__internal__total"", ""3_5_place_dp__detailedplace__power__leakage__total"", ""3_5_place_dp__detailedplace__power__switching__total""]",66,-0.16823034555879204
placement,fmax,67,3_5_place_dp__detailedplace__power__total,0.9778909517652604,0.015398634672969919,7892522.666666667,11503955.944116509,"[""3_3_place_gp__globalplace__power__internal__total"", ""3_3_place_gp__globalplace__timing__setup__ws"", ""3_5_place_dp__detailedplace__design__instance__displacement__max"", ""3_3_place_gp__globalplace__design__instance__count"", ""3_5_place_dp__detailedplace__timing__drv__max_cap_limit"", ""3_5_place_dp__detailedplace__timing__fmax"", ""3_5_place_dp__detailedplace__dpl__hpwl__delta"", ""3_3_place_gp__globalplace__gpl__routability__congestion"", ""3_5_place_dp__detailedplace__timing__hold__ws"", ""3_4_place_resized__placeopt__timing__drv__max_slew_limit"", ""3_5_place_dp__detailedplace__timing__fmax__clock:core_clock"", ""3_5_place_dp__detailedplace__negotiation__converge__phase_1__iteration"", ""3_5_place_dp__detailedplace__dpl__hpwl__delta__percent"", ""3_5_place_dp__detailedplace__design__instance__displacement__mean"", ""3_3_place_gp__globalplace__design__instance__area"", ""3_3_place_gp__globalplace__design__instance__count__stdcell"", ""3_3_place_gp__globalplace__timing__hold__ws"", ""3_3_place_gp__globalplace__route__wirelength__estimated"", ""3_3_place_gp__globalplace__design__instance__area__stdcell"", ""3_3_place_gp__globalplace__gpl__convergence__iteration"", ""3_3_place_gp__globalplace__design__instance__utilization"", ""3_5_place_dp__detailedplace__route__wirelength__estimated"", ""3_3_place_gp__globalplace__design__nets"", ""3_3_place_gp__globalplace__design__instance__utilization__stdcell"", ""3_3_place_gp__globalplace__gpl__area__final"", ""3_5_place_dp__detailedplace__design__instance__displacement__total"", ""3_5_place_dp__detailedplace__timing__drv__max_slew_limit"", ""param:CORE_UTILIZATION"", ""3_3_place_gp__globalplace__gpl__area__final__percent"", ""3_3_place_gp__globalplace__gpl__routability__iteration"", ""3_3_place_gp__globalplace__gpl__area__original"", ""3_3_place_gp__globalplace__gpl__area__timing_delta"", ""3_3_place_gp__globalplace__gpl__area__timing_delta__percent"", ""3_3_place_gp__globalplace__power__leakage__total"", ""3_3_place_gp__globalplace__power__switching__total"", ""3_3_place_gp__globalplace__power__total"", ""3_3_place_gp__globalplace__timing__fmax"", ""3_3_place_gp__globalplace__timing__fmax__clock:core_clock"", ""3_3_place_gp__globalplace__timing__setup__tns"", ""3_4_place_resized__placeopt__design__instance__area"", ""3_4_place_resized__placeopt__design__instance__area__stdcell"", ""3_4_place_resized__placeopt__design__instance__count"", ""3_4_place_resized__placeopt__design__instance__count__stdcell"", ""3_4_place_resized__placeopt__design__instance__utilization"", ""3_4_place_resized__placeopt__timing__hold__ws"", ""3_4_place_resized__placeopt__design__instance__utilization__stdcell"", ""3_4_place_resized__placeopt__design__nets"", ""3_4_place_resized__placeopt__power__internal__total"", ""3_4_place_resized__placeopt__power__leakage__total"", ""3_4_place_resized__placeopt__power__switching__total"", ""3_4_place_resized__placeopt__power__total"", ""3_4_place_resized__placeopt__timing__drv__setup_violation_count"", ""3_4_place_resized__placeopt__timing__fmax"", ""3_4_place_resized__placeopt__timing__fmax__clock:core_clock"", ""3_4_place_resized__placeopt__timing__setup__tns"", ""3_4_place_resized__placeopt__timing__setup__ws"", ""3_5_place_dp__detailedplace__design__instance__area"", ""3_5_place_dp__detailedplace__design__instance__area__stdcell"", ""3_5_place_dp__detailedplace__design__instance__count"", ""3_5_place_dp__detailedplace__design__instance__count__stdcell"", ""3_5_place_dp__detailedplace__design__instance__utilization"", ""3_5_place_dp__detailedplace__design__instance__utilization__stdcell"", ""3_5_place_dp__detailedplace__design__nets"", ""3_5_place_dp__detailedplace__power__internal__total"", ""3_5_place_dp__detailedplace__power__leakage__total"", ""3_5_place_dp__detailedplace__power__switching__total"", ""3_5_place_dp__detailedplace__power__total""]",67,-0.16823034555879204
placement,fmax,68,3_5_place_dp__detailedplace__timing__drv__setup_violation_count,0.9571429044847909,0.011968819416077697,11226348.799999999,17814624.61023331,"[""3_3_place_gp__globalplace__power__internal__total"", ""3_3_place_gp__globalplace__timing__setup__ws"", ""3_5_place_dp__detailedplace__design__instance__displacement__max"", ""3_3_place_gp__globalplace__design__instance__count"", ""3_5_place_dp__detailedplace__timing__drv__max_cap_limit"", ""3_5_place_dp__detailedplace__timing__fmax"", ""3_5_place_dp__detailedplace__dpl__hpwl__delta"", ""3_3_place_gp__globalplace__gpl__routability__congestion"", ""3_5_place_dp__detailedplace__timing__hold__ws"", ""3_4_place_resized__placeopt__timing__drv__max_slew_limit"", ""3_5_place_dp__detailedplace__timing__fmax__clock:core_clock"", ""3_5_place_dp__detailedplace__negotiation__converge__phase_1__iteration"", ""3_5_place_dp__detailedplace__dpl__hpwl__delta__percent"", ""3_5_place_dp__detailedplace__design__instance__displacement__mean"", ""3_3_place_gp__globalplace__design__instance__area"", ""3_3_place_gp__globalplace__design__instance__count__stdcell"", ""3_3_place_gp__globalplace__timing__hold__ws"", ""3_3_place_gp__globalplace__route__wirelength__estimated"", ""3_3_place_gp__globalplace__design__instance__area__stdcell"", ""3_3_place_gp__globalplace__gpl__convergence__iteration"", ""3_3_place_gp__globalplace__design__instance__utilization"", ""3_5_place_dp__detailedplace__route__wirelength__estimated"", ""3_3_place_gp__globalplace__design__nets"", ""3_3_place_gp__globalplace__design__instance__utilization__stdcell"", ""3_3_place_gp__globalplace__gpl__area__final"", ""3_5_place_dp__detailedplace__design__instance__displacement__total"", ""3_5_place_dp__detailedplace__timing__drv__max_slew_limit"", ""param:CORE_UTILIZATION"", ""3_3_place_gp__globalplace__gpl__area__final__percent"", ""3_3_place_gp__globalplace__gpl__routability__iteration"", ""3_3_place_gp__globalplace__gpl__area__original"", ""3_3_place_gp__globalplace__gpl__area__timing_delta"", ""3_3_place_gp__globalplace__gpl__area__timing_delta__percent"", ""3_3_place_gp__globalplace__power__leakage__total"", ""3_3_place_gp__globalplace__power__switching__total"", ""3_3_place_gp__globalplace__power__total"", ""3_3_place_gp__globalplace__timing__fmax"", ""3_3_place_gp__globalplace__timing__fmax__clock:core_clock"", ""3_3_place_gp__globalplace__timing__setup__tns"", ""3_4_place_resized__placeopt__design__instance__area"", ""3_4_place_resized__placeopt__design__instance__area__stdcell"", ""3_4_place_resized__placeopt__design__instance__count"", ""3_4_place_resized__placeopt__design__instance__count__stdcell"", ""3_4_place_resized__placeopt__design__instance__utilization"", ""3_4_place_resized__placeopt__timing__hold__ws"", ""3_4_place_resized__placeopt__design__instance__utilization__stdcell"", ""3_4_place_resized__placeopt__design__nets"", ""3_4_place_resized__placeopt__power__internal__total"", ""3_4_place_resized__placeopt__power__leakage__total"", ""3_4_place_resized__placeopt__power__switching__total"", ""3_4_place_resized__placeopt__power__total"", ""3_4_place_resized__placeopt__timing__drv__setup_violation_count"", ""3_4_place_resized__placeopt__timing__fmax"", ""3_4_place_resized__placeopt__timing__fmax__clock:core_clock"", ""3_4_place_resized__placeopt__timing__setup__tns"", ""3_4_place_resized__placeopt__timing__setup__ws"", ""3_5_place_dp__detailedplace__design__instance__area"", ""3_5_place_dp__detailedplace__design__instance__area__stdcell"", ""3_5_place_dp__detailedplace__design__instance__count"", ""3_5_place_dp__detailedplace__design__instance__count__stdcell"", ""3_5_place_dp__detailedplace__design__instance__utilization"", ""3_5_place_dp__detailedplace__design__instance__utilization__stdcell"", ""3_5_place_dp__detailedplace__design__nets"", ""3_5_place_dp__detailedplace__power__internal__total"", ""3_5_place_dp__detailedplace__power__leakage__total"", ""3_5_place_dp__detailedplace__power__switching__total"", ""3_5_place_dp__detailedplace__power__total"", ""3_5_place_dp__detailedplace__timing__drv__setup_violation_count""]",68,-0.16823034555879204
placement,fmax,69,3_5_place_dp__detailedplace__timing__setup__tns,0.9697125318493093,0.019473801337298383,9465403.733333334,13567681.366934963,"[""3_3_place_gp__globalplace__power__internal__total"", ""3_3_place_gp__globalplace__timing__setup__ws"", ""3_5_place_dp__detailedplace__design__instance__displacement__max"", ""3_3_place_gp__globalplace__design__instance__count"", ""3_5_place_dp__detailedplace__timing__drv__max_cap_limit"", ""3_5_place_dp__detailedplace__timing__fmax"", ""3_5_place_dp__detailedplace__dpl__hpwl__delta"", ""3_3_place_gp__globalplace__gpl__routability__congestion"", ""3_5_place_dp__detailedplace__timing__hold__ws"", ""3_4_place_resized__placeopt__timing__drv__max_slew_limit"", ""3_5_place_dp__detailedplace__timing__fmax__clock:core_clock"", ""3_5_place_dp__detailedplace__negotiation__converge__phase_1__iteration"", ""3_5_place_dp__detailedplace__dpl__hpwl__delta__percent"", ""3_5_place_dp__detailedplace__design__instance__displacement__mean"", ""3_3_place_gp__globalplace__design__instance__area"", ""3_3_place_gp__globalplace__design__instance__count__stdcell"", ""3_3_place_gp__globalplace__timing__hold__ws"", ""3_3_place_gp__globalplace__route__wirelength__estimated"", ""3_3_place_gp__globalplace__design__instance__area__stdcell"", ""3_3_place_gp__globalplace__gpl__convergence__iteration"", ""3_3_place_gp__globalplace__design__instance__utilization"", ""3_5_place_dp__detailedplace__route__wirelength__estimated"", ""3_3_place_gp__globalplace__design__nets"", ""3_3_place_gp__globalplace__design__instance__utilization__stdcell"", ""3_3_place_gp__globalplace__gpl__area__final"", ""3_5_place_dp__detailedplace__design__instance__displacement__total"", ""3_5_place_dp__detailedplace__timing__drv__max_slew_limit"", ""param:CORE_UTILIZATION"", ""3_3_place_gp__globalplace__gpl__area__final__percent"", ""3_3_place_gp__globalplace__gpl__routability__iteration"", ""3_3_place_gp__globalplace__gpl__area__original"", ""3_3_place_gp__globalplace__gpl__area__timing_delta"", ""3_3_place_gp__globalplace__gpl__area__timing_delta__percent"", ""3_3_place_gp__globalplace__power__leakage__total"", ""3_3_place_gp__globalplace__power__switching__total"", ""3_3_place_gp__globalplace__power__total"", ""3_3_place_gp__globalplace__timing__fmax"", ""3_3_place_gp__globalplace__timing__fmax__clock:core_clock"", ""3_3_place_gp__globalplace__timing__setup__tns"", ""3_4_place_resized__placeopt__design__instance__area"", ""3_4_place_resized__placeopt__design__instance__area__stdcell"", ""3_4_place_resized__placeopt__design__instance__count"", ""3_4_place_resized__placeopt__design__instance__count__stdcell"", ""3_4_place_resized__placeopt__design__instance__utilization"", ""3_4_place_resized__placeopt__timing__hold__ws"", ""3_4_place_resized__placeopt__design__instance__utilization__stdcell"", ""3_4_place_resized__placeopt__design__nets"", ""3_4_place_resized__placeopt__power__internal__total"", ""3_4_place_resized__placeopt__power__leakage__total"", ""3_4_place_resized__placeopt__power__switching__total"", ""3_4_place_resized__placeopt__power__total"", ""3_4_place_resized__placeopt__timing__drv__setup_violation_count"", ""3_4_place_resized__placeopt__timing__fmax"", ""3_4_place_resized__placeopt__timing__fmax__clock:core_clock"", ""3_4_place_resized__placeopt__timing__setup__tns"", ""3_4_place_resized__placeopt__timing__setup__ws"", ""3_5_place_dp__detailedplace__design__instance__area"", ""3_5_place_dp__detailedplace__design__instance__area__stdcell"", ""3_5_place_dp__detailedplace__design__instance__count"", ""3_5_place_dp__detailedplace__design__instance__count__stdcell"", ""3_5_place_dp__detailedplace__design__instance__utilization"", ""3_5_place_dp__detailedplace__design__instance__utilization__stdcell"", ""3_5_place_dp__detailedplace__design__nets"", ""3_5_place_dp__detailedplace__power__internal__total"", ""3_5_place_dp__detailedplace__power__leakage__total"", ""3_5_place_dp__detailedplace__power__switching__total"", ""3_5_place_dp__detailedplace__power__total"", ""3_5_place_dp__detailedplace__timing__drv__setup_violation_count"", ""3_5_place_dp__detailedplace__timing__setup__tns""]",69,-0.16823034555879204
placement,fmax,70,3_5_place_dp__detailedplace__timing__setup__ws,0.969049112820379,0.00922016625191013,9928678.4,15271331.567845596,"[""3_3_place_gp__globalplace__power__internal__total"", ""3_3_place_gp__globalplace__timing__setup__ws"", ""3_5_place_dp__detailedplace__design__instance__displacement__max"", ""3_3_place_gp__globalplace__design__instance__count"", ""3_5_place_dp__detailedplace__timing__drv__max_cap_limit"", ""3_5_place_dp__detailedplace__timing__fmax"", ""3_5_place_dp__detailedplace__dpl__hpwl__delta"", ""3_3_place_gp__globalplace__gpl__routability__congestion"", ""3_5_place_dp__detailedplace__timing__hold__ws"", ""3_4_place_resized__placeopt__timing__drv__max_slew_limit"", ""3_5_place_dp__detailedplace__timing__fmax__clock:core_clock"", ""3_5_place_dp__detailedplace__negotiation__converge__phase_1__iteration"", ""3_5_place_dp__detailedplace__dpl__hpwl__delta__percent"", ""3_5_place_dp__detailedplace__design__instance__displacement__mean"", ""3_3_place_gp__globalplace__design__instance__area"", ""3_3_place_gp__globalplace__design__instance__count__stdcell"", ""3_3_place_gp__globalplace__timing__hold__ws"", ""3_3_place_gp__globalplace__route__wirelength__estimated"", ""3_3_place_gp__globalplace__design__instance__area__stdcell"", ""3_3_place_gp__globalplace__gpl__convergence__iteration"", ""3_3_place_gp__globalplace__design__instance__utilization"", ""3_5_place_dp__detailedplace__route__wirelength__estimated"", ""3_3_place_gp__globalplace__design__nets"", ""3_3_place_gp__globalplace__design__instance__utilization__stdcell"", ""3_3_place_gp__globalplace__gpl__area__final"", ""3_5_place_dp__detailedplace__design__instance__displacement__total"", ""3_5_place_dp__detailedplace__timing__drv__max_slew_limit"", ""param:CORE_UTILIZATION"", ""3_3_place_gp__globalplace__gpl__area__final__percent"", ""3_3_place_gp__globalplace__gpl__routability__iteration"", ""3_3_place_gp__globalplace__gpl__area__original"", ""3_3_place_gp__globalplace__gpl__area__timing_delta"", ""3_3_place_gp__globalplace__gpl__area__timing_delta__percent"", ""3_3_place_gp__globalplace__power__leakage__total"", ""3_3_place_gp__globalplace__power__switching__total"", ""3_3_place_gp__globalplace__power__total"", ""3_3_place_gp__globalplace__timing__fmax"", ""3_3_place_gp__globalplace__timing__fmax__clock:core_clock"", ""3_3_place_gp__globalplace__timing__setup__tns"", ""3_4_place_resized__placeopt__design__instance__area"", ""3_4_place_resized__placeopt__design__instance__area__stdcell"", ""3_4_place_resized__placeopt__design__instance__count"", ""3_4_place_resized__placeopt__design__instance__count__stdcell"", ""3_4_place_resized__placeopt__design__instance__utilization"", ""3_4_place_resized__placeopt__timing__hold__ws"", ""3_4_place_resized__placeopt__design__instance__utilization__stdcell"", ""3_4_place_resized__placeopt__design__nets"", ""3_4_place_resized__placeopt__power__internal__total"", ""3_4_place_resized__placeopt__power__leakage__total"", ""3_4_place_resized__placeopt__power__switching__total"", ""3_4_place_resized__placeopt__power__total"", ""3_4_place_resized__placeopt__timing__drv__setup_violation_count"", ""3_4_place_resized__placeopt__timing__fmax"", ""3_4_place_resized__placeopt__timing__fmax__clock:core_clock"", ""3_4_place_resized__placeopt__timing__setup__tns"", ""3_4_place_resized__placeopt__timing__setup__ws"", ""3_5_place_dp__detailedplace__design__instance__area"", ""3_5_place_dp__detailedplace__design__instance__area__stdcell"", ""3_5_place_dp__detailedplace__design__instance__count"", ""3_5_place_dp__detailedplace__design__instance__count__stdcell"", ""3_5_place_dp__detailedplace__design__instance__utilization"", ""3_5_place_dp__detailedplace__design__instance__utilization__stdcell"", ""3_5_place_dp__detailedplace__design__nets"", ""3_5_place_dp__detailedplace__power__internal__total"", ""3_5_place_dp__detailedplace__power__leakage__total"", ""3_5_place_dp__detailedplace__power__switching__total"", ""3_5_place_dp__detailedplace__power__total"", ""3_5_place_dp__detailedplace__timing__drv__setup_violation_count"", ""3_5_place_dp__detailedplace__timing__setup__tns"", ""3_5_place_dp__detailedplace__timing__setup__ws""]",70,-0.16823034555879204
placement,fmax,71,3_5_place_dp__detailedplace__utilization__before__dpl,0.9729288115224343,0.011309593891872636,9468680.533333333,13903967.64826852,"[""3_3_place_gp__globalplace__power__internal__total"", ""3_3_place_gp__globalplace__timing__setup__ws"", ""3_5_place_dp__detailedplace__design__instance__displacement__max"", ""3_3_place_gp__globalplace__design__instance__count"", ""3_5_place_dp__detailedplace__timing__drv__max_cap_limit"", ""3_5_place_dp__detailedplace__timing__fmax"", ""3_5_place_dp__detailedplace__dpl__hpwl__delta"", ""3_3_place_gp__globalplace__gpl__routability__congestion"", ""3_5_place_dp__detailedplace__timing__hold__ws"", ""3_4_place_resized__placeopt__timing__drv__max_slew_limit"", ""3_5_place_dp__detailedplace__timing__fmax__clock:core_clock"", ""3_5_place_dp__detailedplace__negotiation__converge__phase_1__iteration"", ""3_5_place_dp__detailedplace__dpl__hpwl__delta__percent"", ""3_5_place_dp__detailedplace__design__instance__displacement__mean"", ""3_3_place_gp__globalplace__design__instance__area"", ""3_3_place_gp__globalplace__design__instance__count__stdcell"", ""3_3_place_gp__globalplace__timing__hold__ws"", ""3_3_place_gp__globalplace__route__wirelength__estimated"", ""3_3_place_gp__globalplace__design__instance__area__stdcell"", ""3_3_place_gp__globalplace__gpl__convergence__iteration"", ""3_3_place_gp__globalplace__design__instance__utilization"", ""3_5_place_dp__detailedplace__route__wirelength__estimated"", ""3_3_place_gp__globalplace__design__nets"", ""3_3_place_gp__globalplace__design__instance__utilization__stdcell"", ""3_3_place_gp__globalplace__gpl__area__final"", ""3_5_place_dp__detailedplace__design__instance__displacement__total"", ""3_5_place_dp__detailedplace__timing__drv__max_slew_limit"", ""param:CORE_UTILIZATION"", ""3_3_place_gp__globalplace__gpl__area__final__percent"", ""3_3_place_gp__globalplace__gpl__routability__iteration"", ""3_3_place_gp__globalplace__gpl__area__original"", ""3_3_place_gp__globalplace__gpl__area__timing_delta"", ""3_3_place_gp__globalplace__gpl__area__timing_delta__percent"", ""3_3_place_gp__globalplace__power__leakage__total"", ""3_3_place_gp__globalplace__power__switching__total"", ""3_3_place_gp__globalplace__power__total"", ""3_3_place_gp__globalplace__timing__fmax"", ""3_3_place_gp__globalplace__timing__fmax__clock:core_clock"", ""3_3_place_gp__globalplace__timing__setup__tns"", ""3_4_place_resized__placeopt__design__instance__area"", ""3_4_place_resized__placeopt__design__instance__area__stdcell"", ""3_4_place_resized__placeopt__design__instance__count"", ""3_4_place_resized__placeopt__design__instance__count__stdcell"", ""3_4_place_resized__placeopt__design__instance__utilization"", ""3_4_place_resized__placeopt__timing__hold__ws"", ""3_4_place_resized__placeopt__design__instance__utilization__stdcell"", ""3_4_place_resized__placeopt__design__nets"", ""3_4_place_resized__placeopt__power__internal__total"", ""3_4_place_resized__placeopt__power__leakage__total"", ""3_4_place_resized__placeopt__power__switching__total"", ""3_4_place_resized__placeopt__power__total"", ""3_4_place_resized__placeopt__timing__drv__setup_violation_count"", ""3_4_place_resized__placeopt__timing__fmax"", ""3_4_place_resized__placeopt__timing__fmax__clock:core_clock"", ""3_4_place_resized__placeopt__timing__setup__tns"", ""3_4_place_resized__placeopt__timing__setup__ws"", ""3_5_place_dp__detailedplace__design__instance__area"", ""3_5_place_dp__detailedplace__design__instance__area__stdcell"", ""3_5_place_dp__detailedplace__design__instance__count"", ""3_5_place_dp__detailedplace__design__instance__count__stdcell"", ""3_5_place_dp__detailedplace__design__instance__utilization"", ""3_5_place_dp__detailedplace__design__instance__utilization__stdcell"", ""3_5_place_dp__detailedplace__design__nets"", ""3_5_place_dp__detailedplace__power__internal__total"", ""3_5_place_dp__detailedplace__power__leakage__total"", ""3_5_place_dp__detailedplace__power__switching__total"", ""3_5_place_dp__detailedplace__power__total"", ""3_5_place_dp__detailedplace__timing__drv__setup_violation_count"", ""3_5_place_dp__detailedplace__timing__setup__tns"", ""3_5_place_dp__detailedplace__timing__setup__ws"", ""3_5_place_dp__detailedplace__utilization__before__dpl""]",71,-0.16823034555879204
placement,fmax,72,param:CLK_PERIOD,0.9716597646616663,0.011103287826887989,9852089.6,14505988.650819754,"[""3_3_place_gp__globalplace__power__internal__total"", ""3_3_place_gp__globalplace__timing__setup__ws"", ""3_5_place_dp__detailedplace__design__instance__displacement__max"", ""3_3_place_gp__globalplace__design__instance__count"", ""3_5_place_dp__detailedplace__timing__drv__max_cap_limit"", ""3_5_place_dp__detailedplace__timing__fmax"", ""3_5_place_dp__detailedplace__dpl__hpwl__delta"", ""3_3_place_gp__globalplace__gpl__routability__congestion"", ""3_5_place_dp__detailedplace__timing__hold__ws"", ""3_4_place_resized__placeopt__timing__drv__max_slew_limit"", ""3_5_place_dp__detailedplace__timing__fmax__clock:core_clock"", ""3_5_place_dp__detailedplace__negotiation__converge__phase_1__iteration"", ""3_5_place_dp__detailedplace__dpl__hpwl__delta__percent"", ""3_5_place_dp__detailedplace__design__instance__displacement__mean"", ""3_3_place_gp__globalplace__design__instance__area"", ""3_3_place_gp__globalplace__design__instance__count__stdcell"", ""3_3_place_gp__globalplace__timing__hold__ws"", ""3_3_place_gp__globalplace__route__wirelength__estimated"", ""3_3_place_gp__globalplace__design__instance__area__stdcell"", ""3_3_place_gp__globalplace__gpl__convergence__iteration"", ""3_3_place_gp__globalplace__design__instance__utilization"", ""3_5_place_dp__detailedplace__route__wirelength__estimated"", ""3_3_place_gp__globalplace__design__nets"", ""3_3_place_gp__globalplace__design__instance__utilization__stdcell"", ""3_3_place_gp__globalplace__gpl__area__final"", ""3_5_place_dp__detailedplace__design__instance__displacement__total"", ""3_5_place_dp__detailedplace__timing__drv__max_slew_limit"", ""param:CORE_UTILIZATION"", ""3_3_place_gp__globalplace__gpl__area__final__percent"", ""3_3_place_gp__globalplace__gpl__routability__iteration"", ""3_3_place_gp__globalplace__gpl__area__original"", ""3_3_place_gp__globalplace__gpl__area__timing_delta"", ""3_3_place_gp__globalplace__gpl__area__timing_delta__percent"", ""3_3_place_gp__globalplace__power__leakage__total"", ""3_3_place_gp__globalplace__power__switching__total"", ""3_3_place_gp__globalplace__power__total"", ""3_3_place_gp__globalplace__timing__fmax"", ""3_3_place_gp__globalplace__timing__fmax__clock:core_clock"", ""3_3_place_gp__globalplace__timing__setup__tns"", ""3_4_place_resized__placeopt__design__instance__area"", ""3_4_place_resized__placeopt__design__instance__area__stdcell"", ""3_4_place_resized__placeopt__design__instance__count"", ""3_4_place_resized__placeopt__design__instance__count__stdcell"", ""3_4_place_resized__placeopt__design__instance__utilization"", ""3_4_place_resized__placeopt__timing__hold__ws"", ""3_4_place_resized__placeopt__design__instance__utilization__stdcell"", ""3_4_place_resized__placeopt__design__nets"", ""3_4_place_resized__placeopt__power__internal__total"", ""3_4_place_resized__placeopt__power__leakage__total"", ""3_4_place_resized__placeopt__power__switching__total"", ""3_4_place_resized__placeopt__power__total"", ""3_4_place_resized__placeopt__timing__drv__setup_violation_count"", ""3_4_place_resized__placeopt__timing__fmax"", ""3_4_place_resized__placeopt__timing__fmax__clock:core_clock"", ""3_4_place_resized__placeopt__timing__setup__tns"", ""3_4_place_resized__placeopt__timing__setup__ws"", ""3_5_place_dp__detailedplace__design__instance__area"", ""3_5_place_dp__detailedplace__design__instance__area__stdcell"", ""3_5_place_dp__detailedplace__design__instance__count"", ""3_5_place_dp__detailedplace__design__instance__count__stdcell"", ""3_5_place_dp__detailedplace__design__instance__utilization"", ""3_5_place_dp__detailedplace__design__instance__utilization__stdcell"", ""3_5_place_dp__detailedplace__design__nets"", ""3_5_place_dp__detailedplace__power__internal__total"", ""3_5_place_dp__detailedplace__power__leakage__total"", ""3_5_place_dp__detailedplace__power__switching__total"", ""3_5_place_dp__detailedplace__power__total"", ""3_5_place_dp__detailedplace__timing__drv__setup_violation_count"", ""3_5_place_dp__detailedplace__timing__setup__tns"", ""3_5_place_dp__detailedplace__timing__setup__ws"", ""3_5_place_dp__detailedplace__utilization__before__dpl"", ""param:CLK_PERIOD""]",72,-0.16823034555879204
placement,fmax,73,param:CTS_CLUSTER_SIZE,0.953299688483531,0.014174255872180741,11480774.4,18531032.016900595,"[""3_3_place_gp__globalplace__power__internal__total"", ""3_3_place_gp__globalplace__timing__setup__ws"", ""3_5_place_dp__detailedplace__design__instance__displacement__max"", ""3_3_place_gp__globalplace__design__instance__count"", ""3_5_place_dp__detailedplace__timing__drv__max_cap_limit"", ""3_5_place_dp__detailedplace__timing__fmax"", ""3_5_place_dp__detailedplace__dpl__hpwl__delta"", ""3_3_place_gp__globalplace__gpl__routability__congestion"", ""3_5_place_dp__detailedplace__timing__hold__ws"", ""3_4_place_resized__placeopt__timing__drv__max_slew_limit"", ""3_5_place_dp__detailedplace__timing__fmax__clock:core_clock"", ""3_5_place_dp__detailedplace__negotiation__converge__phase_1__iteration"", ""3_5_place_dp__detailedplace__dpl__hpwl__delta__percent"", ""3_5_place_dp__detailedplace__design__instance__displacement__mean"", ""3_3_place_gp__globalplace__design__instance__area"", ""3_3_place_gp__globalplace__design__instance__count__stdcell"", ""3_3_place_gp__globalplace__timing__hold__ws"", ""3_3_place_gp__globalplace__route__wirelength__estimated"", ""3_3_place_gp__globalplace__design__instance__area__stdcell"", ""3_3_place_gp__globalplace__gpl__convergence__iteration"", ""3_3_place_gp__globalplace__design__instance__utilization"", ""3_5_place_dp__detailedplace__route__wirelength__estimated"", ""3_3_place_gp__globalplace__design__nets"", ""3_3_place_gp__globalplace__design__instance__utilization__stdcell"", ""3_3_place_gp__globalplace__gpl__area__final"", ""3_5_place_dp__detailedplace__design__instance__displacement__total"", ""3_5_place_dp__detailedplace__timing__drv__max_slew_limit"", ""param:CORE_UTILIZATION"", ""3_3_place_gp__globalplace__gpl__area__final__percent"", ""3_3_place_gp__globalplace__gpl__routability__iteration"", ""3_3_place_gp__globalplace__gpl__area__original"", ""3_3_place_gp__globalplace__gpl__area__timing_delta"", ""3_3_place_gp__globalplace__gpl__area__timing_delta__percent"", ""3_3_place_gp__globalplace__power__leakage__total"", ""3_3_place_gp__globalplace__power__switching__total"", ""3_3_place_gp__globalplace__power__total"", ""3_3_place_gp__globalplace__timing__fmax"", ""3_3_place_gp__globalplace__timing__fmax__clock:core_clock"", ""3_3_place_gp__globalplace__timing__setup__tns"", ""3_4_place_resized__placeopt__design__instance__area"", ""3_4_place_resized__placeopt__design__instance__area__stdcell"", ""3_4_place_resized__placeopt__design__instance__count"", ""3_4_place_resized__placeopt__design__instance__count__stdcell"", ""3_4_place_resized__placeopt__design__instance__utilization"", ""3_4_place_resized__placeopt__timing__hold__ws"", ""3_4_place_resized__placeopt__design__instance__utilization__stdcell"", ""3_4_place_resized__placeopt__design__nets"", ""3_4_place_resized__placeopt__power__internal__total"", ""3_4_place_resized__placeopt__power__leakage__total"", ""3_4_place_resized__placeopt__power__switching__total"", ""3_4_place_resized__placeopt__power__total"", ""3_4_place_resized__placeopt__timing__drv__setup_violation_count"", ""3_4_place_resized__placeopt__timing__fmax"", ""3_4_place_resized__placeopt__timing__fmax__clock:core_clock"", ""3_4_place_resized__placeopt__timing__setup__tns"", ""3_4_place_resized__placeopt__timing__setup__ws"", ""3_5_place_dp__detailedplace__design__instance__area"", ""3_5_place_dp__detailedplace__design__instance__area__stdcell"", ""3_5_place_dp__detailedplace__design__instance__count"", ""3_5_place_dp__detailedplace__design__instance__count__stdcell"", ""3_5_place_dp__detailedplace__design__instance__utilization"", ""3_5_place_dp__detailedplace__design__instance__utilization__stdcell"", ""3_5_place_dp__detailedplace__design__nets"", ""3_5_place_dp__detailedplace__power__internal__total"", ""3_5_place_dp__detailedplace__power__leakage__total"", ""3_5_place_dp__detailedplace__power__switching__total"", ""3_5_place_dp__detailedplace__power__total"", ""3_5_place_dp__detailedplace__timing__drv__setup_violation_count"", ""3_5_place_dp__detailedplace__timing__setup__tns"", ""3_5_place_dp__detailedplace__timing__setup__ws"", ""3_5_place_dp__detailedplace__utilization__before__dpl"", ""param:CLK_PERIOD"", ""param:CTS_CLUSTER_SIZE""]",73,-0.16823034555879204
placement,fmax,74,param:PLACE_DENSITY_LB_ADDON,0.9773107540310431,0.010249771524994176,9191057.066666668,12933801.5197175,"[""3_3_place_gp__globalplace__power__internal__total"", ""3_3_place_gp__globalplace__timing__setup__ws"", ""3_5_place_dp__detailedplace__design__instance__displacement__max"", ""3_3_place_gp__globalplace__design__instance__count"", ""3_5_place_dp__detailedplace__timing__drv__max_cap_limit"", ""3_5_place_dp__detailedplace__timing__fmax"", ""3_5_place_dp__detailedplace__dpl__hpwl__delta"", ""3_3_place_gp__globalplace__gpl__routability__congestion"", ""3_5_place_dp__detailedplace__timing__hold__ws"", ""3_4_place_resized__placeopt__timing__drv__max_slew_limit"", ""3_5_place_dp__detailedplace__timing__fmax__clock:core_clock"", ""3_5_place_dp__detailedplace__negotiation__converge__phase_1__iteration"", ""3_5_place_dp__detailedplace__dpl__hpwl__delta__percent"", ""3_5_place_dp__detailedplace__design__instance__displacement__mean"", ""3_3_place_gp__globalplace__design__instance__area"", ""3_3_place_gp__globalplace__design__instance__count__stdcell"", ""3_3_place_gp__globalplace__timing__hold__ws"", ""3_3_place_gp__globalplace__route__wirelength__estimated"", ""3_3_place_gp__globalplace__design__instance__area__stdcell"", ""3_3_place_gp__globalplace__gpl__convergence__iteration"", ""3_3_place_gp__globalplace__design__instance__utilization"", ""3_5_place_dp__detailedplace__route__wirelength__estimated"", ""3_3_place_gp__globalplace__design__nets"", ""3_3_place_gp__globalplace__design__instance__utilization__stdcell"", ""3_3_place_gp__globalplace__gpl__area__final"", ""3_5_place_dp__detailedplace__design__instance__displacement__total"", ""3_5_place_dp__detailedplace__timing__drv__max_slew_limit"", ""param:CORE_UTILIZATION"", ""3_3_place_gp__globalplace__gpl__area__final__percent"", ""3_3_place_gp__globalplace__gpl__routability__iteration"", ""3_3_place_gp__globalplace__gpl__area__original"", ""3_3_place_gp__globalplace__gpl__area__timing_delta"", ""3_3_place_gp__globalplace__gpl__area__timing_delta__percent"", ""3_3_place_gp__globalplace__power__leakage__total"", ""3_3_place_gp__globalplace__power__switching__total"", ""3_3_place_gp__globalplace__power__total"", ""3_3_place_gp__globalplace__timing__fmax"", ""3_3_place_gp__globalplace__timing__fmax__clock:core_clock"", ""3_3_place_gp__globalplace__timing__setup__tns"", ""3_4_place_resized__placeopt__design__instance__area"", ""3_4_place_resized__placeopt__design__instance__area__stdcell"", ""3_4_place_resized__placeopt__design__instance__count"", ""3_4_place_resized__placeopt__design__instance__count__stdcell"", ""3_4_place_resized__placeopt__design__instance__utilization"", ""3_4_place_resized__placeopt__timing__hold__ws"", ""3_4_place_resized__placeopt__design__instance__utilization__stdcell"", ""3_4_place_resized__placeopt__design__nets"", ""3_4_place_resized__placeopt__power__internal__total"", ""3_4_place_resized__placeopt__power__leakage__total"", ""3_4_place_resized__placeopt__power__switching__total"", ""3_4_place_resized__placeopt__power__total"", ""3_4_place_resized__placeopt__timing__drv__setup_violation_count"", ""3_4_place_resized__placeopt__timing__fmax"", ""3_4_place_resized__placeopt__timing__fmax__clock:core_clock"", ""3_4_place_resized__placeopt__timing__setup__tns"", ""3_4_place_resized__placeopt__timing__setup__ws"", ""3_5_place_dp__detailedplace__design__instance__area"", ""3_5_place_dp__detailedplace__design__instance__area__stdcell"", ""3_5_place_dp__detailedplace__design__instance__count"", ""3_5_place_dp__detailedplace__design__instance__count__stdcell"", ""3_5_place_dp__detailedplace__design__instance__utilization"", ""3_5_place_dp__detailedplace__design__instance__utilization__stdcell"", ""3_5_place_dp__detailedplace__design__nets"", ""3_5_place_dp__detailedplace__power__internal__total"", ""3_5_place_dp__detailedplace__power__leakage__total"", ""3_5_place_dp__detailedplace__power__switching__total"", ""3_5_place_dp__detailedplace__power__total"", ""3_5_place_dp__detailedplace__timing__drv__setup_violation_count"", ""3_5_place_dp__detailedplace__timing__setup__tns"", ""3_5_place_dp__detailedplace__timing__setup__ws"", ""3_5_place_dp__detailedplace__utilization__before__dpl"", ""param:CLK_PERIOD"", ""param:CTS_CLUSTER_SIZE"", ""param:PLACE_DENSITY_LB_ADDON""]",74,-0.16823034555879204
placement,fmax,75,3_4_place_resized__placeopt__timing__drv__max_cap_limit,0.9432917382261418,0.017020144098609396,12786969.6,20391773.54828165,"[""3_3_place_gp__globalplace__power__internal__total"", ""3_3_place_gp__globalplace__timing__setup__ws"", ""3_5_place_dp__detailedplace__design__instance__displacement__max"", ""3_3_place_gp__globalplace__design__instance__count"", ""3_5_place_dp__detailedplace__timing__drv__max_cap_limit"", ""3_5_place_dp__detailedplace__timing__fmax"", ""3_5_place_dp__detailedplace__dpl__hpwl__delta"", ""3_3_place_gp__globalplace__gpl__routability__congestion"", ""3_5_place_dp__detailedplace__timing__hold__ws"", ""3_4_place_resized__placeopt__timing__drv__max_slew_limit"", ""3_5_place_dp__detailedplace__timing__fmax__clock:core_clock"", ""3_5_place_dp__detailedplace__negotiation__converge__phase_1__iteration"", ""3_5_place_dp__detailedplace__dpl__hpwl__delta__percent"", ""3_5_place_dp__detailedplace__design__instance__displacement__mean"", ""3_3_place_gp__globalplace__design__instance__area"", ""3_3_place_gp__globalplace__design__instance__count__stdcell"", ""3_3_place_gp__globalplace__timing__hold__ws"", ""3_3_place_gp__globalplace__route__wirelength__estimated"", ""3_3_place_gp__globalplace__design__instance__area__stdcell"", ""3_3_place_gp__globalplace__gpl__convergence__iteration"", ""3_3_place_gp__globalplace__design__instance__utilization"", ""3_5_place_dp__detailedplace__route__wirelength__estimated"", ""3_3_place_gp__globalplace__design__nets"", ""3_3_place_gp__globalplace__design__instance__utilization__stdcell"", ""3_3_place_gp__globalplace__gpl__area__final"", ""3_5_place_dp__detailedplace__design__instance__displacement__total"", ""3_5_place_dp__detailedplace__timing__drv__max_slew_limit"", ""param:CORE_UTILIZATION"", ""3_3_place_gp__globalplace__gpl__area__final__percent"", ""3_3_place_gp__globalplace__gpl__routability__iteration"", ""3_3_place_gp__globalplace__gpl__area__original"", ""3_3_place_gp__globalplace__gpl__area__timing_delta"", ""3_3_place_gp__globalplace__gpl__area__timing_delta__percent"", ""3_3_place_gp__globalplace__power__leakage__total"", ""3_3_place_gp__globalplace__power__switching__total"", ""3_3_place_gp__globalplace__power__total"", ""3_3_place_gp__globalplace__timing__fmax"", ""3_3_place_gp__globalplace__timing__fmax__clock:core_clock"", ""3_3_place_gp__globalplace__timing__setup__tns"", ""3_4_place_resized__placeopt__design__instance__area"", ""3_4_place_resized__placeopt__design__instance__area__stdcell"", ""3_4_place_resized__placeopt__design__instance__count"", ""3_4_place_resized__placeopt__design__instance__count__stdcell"", ""3_4_place_resized__placeopt__design__instance__utilization"", ""3_4_place_resized__placeopt__timing__hold__ws"", ""3_4_place_resized__placeopt__design__instance__utilization__stdcell"", ""3_4_place_resized__placeopt__design__nets"", ""3_4_place_resized__placeopt__power__internal__total"", ""3_4_place_resized__placeopt__power__leakage__total"", ""3_4_place_resized__placeopt__power__switching__total"", ""3_4_place_resized__placeopt__power__total"", ""3_4_place_resized__placeopt__timing__drv__setup_violation_count"", ""3_4_place_resized__placeopt__timing__fmax"", ""3_4_place_resized__placeopt__timing__fmax__clock:core_clock"", ""3_4_place_resized__placeopt__timing__setup__tns"", ""3_4_place_resized__placeopt__timing__setup__ws"", ""3_5_place_dp__detailedplace__design__instance__area"", ""3_5_place_dp__detailedplace__design__instance__area__stdcell"", ""3_5_place_dp__detailedplace__design__instance__count"", ""3_5_place_dp__detailedplace__design__instance__count__stdcell"", ""3_5_place_dp__detailedplace__design__instance__utilization"", ""3_5_place_dp__detailedplace__design__instance__utilization__stdcell"", ""3_5_place_dp__detailedplace__design__nets"", ""3_5_place_dp__detailedplace__power__internal__total"", ""3_5_place_dp__detailedplace__power__leakage__total"", ""3_5_place_dp__detailedplace__power__switching__total"", ""3_5_place_dp__detailedplace__power__total"", ""3_5_place_dp__detailedplace__timing__drv__setup_violation_count"", ""3_5_place_dp__detailedplace__timing__setup__tns"", ""3_5_place_dp__detailedplace__timing__setup__ws"", ""3_5_place_dp__detailedplace__utilization__before__dpl"", ""param:CLK_PERIOD"", ""param:CTS_CLUSTER_SIZE"", ""param:PLACE_DENSITY_LB_ADDON"", ""3_4_place_resized__placeopt__timing__drv__max_cap_limit""]",75,-0.16823034555879204
